DATASET = ORTEC Early VeRoLog 2019 - easy
NAME = Instance16easy
TRUCK_DISTANCE = 246618
NUMBER_OF_TRUCK_DAYS = 600
NUMBER_OF_TRUCKS_USED = 76
TECHNICIAN_DISTANCE = 107457
NUMBER_OF_TECHNICIAN_DAYS = 204
NUMBER_OF_TECHNICIANS_USED = 29
IDLE_MACHINE_COSTS = 0
TOTAL_COST = 360978402
DAY = 1
NUMBER_OF_TRUCKS = 69
1 1
2 2
3 3
4 4
5 5
6 6
7 7
8 61
9 8
10 17
11 9
12 10
13 52
14 11
15 39
16 12
17 13
18 14
19 15
20 16
21 18
22 19
23 20
24 64
25 21
26 22
27 23
28 24
29 25
30 26
31 27
32 46
33 28
34 29
35 30
36 47
37 31
38 32
39 33
40 34
41 35
42 65
43 36
44 45
45 37
46 38
47 40
48 68
49 41
50 42
51 69
52 43
53 44
54 48
55 49
56 50
57 51
58 53
59 54
60 55
61 56
62 59
63 57
64 58
65 60
66 62
67 63
68 66
69 67
NUMBER_OF_TECHNICIANS = 0
DAY = 2
NUMBER_OF_TRUCKS = 62
1 101
2 131
3 125
4 127
5 119
6 75
7 95
8 126
9 110
10 123
11 129
12 85
13 98
14 84
15 108
16 102
17 77
18 70
19 71
20 72
21 73
22 74
23 76
24 78
25 79
26 80
27 81
28 82
29 83
30 86
31 87
32 88
33 89
34 90
35 91
36 106
37 92
38 115
39 93
40 99
41 94
42 96
43 97
44 100
45 103
46 104
47 105
48 107
49 109
50 111
51 112
52 113
53 114
54 116
55 117
56 118
57 120
58 121
59 122
60 124
61 128
62 130
NUMBER_OF_TECHNICIANS = 21
2 3 7 11
10 21
4 4 61 9 23
19 20 26
11 28
8 27 46 29
3 2 6 30 47
25 33
21 36 45
20 32 40
16 19 41
6 52 13 15 42 69
1 8 17 14 43
9 10 39 51
22 54
15 1 64 55
12 37 49 57
7 18 22 24 25 35 65 44 58
5 5 12 34 59 63
17 16 68 48 53 56 60 62 66
13 31 38 50 67
DAY = 3
NUMBER_OF_TRUCKS = 71
1 147
2 192
3 150
4 149
5 171
6 154
7 175
8 199
9 181
10 200
11 163
12 151
13 138
14 165
15 170
16 188
17 155
18 161
19 198
20 136
21 182
22 152
23 187
24 183
25 168
26 157
27 189
28 178
29 180
30 144
31 197
32 202
33 135
34 132
35 169
36 133
37 134
38 137
39 166
40 139
41 140
42 193
43 141
44 145
45 142
46 143
47 146
48 148
49 172
50 153
51 156
52 185
53 158
54 159
55 160
56 162
57 164
58 167
59 173
60 174
61 176
62 177
63 179
64 184
65 186
66 190
67 201
68 191
69 194
70 195
71 196
NUMBER_OF_TECHNICIANS = 21
9 123
5 95 70 79
8 81
3 127 110 85 88
26 89
12 90 115
16 87 94 97
7 77 73 74 76 104
13 82 86 93 99 107
15 101 75 105 111
10 80 112
1 71 91 106 113
20 114
4 98 108 102 72 116
19 109 118
14 120
6 126 83 92 121
2 131 125 119 129 84 122
17 78 96 100 103 117 124
11 128
21 130
DAY = 4
NUMBER_OF_TRUCKS = 76
1 271
2 211
3 225
4 227
5 259
6 241
7 216
8 247
9 273
10 219
11 217
12 250
13 267
14 234
15 204
16 207
17 255
18 253
19 262
20 218
21 239
22 263
23 278
24 242
25 226
26 272
27 214
28 249
29 257
30 221
31 205
32 240
33 254
34 251
35 269
36 270
37 209
38 248
39 261
40 228
41 266
42 268
43 246
44 260
45 274
46 220
47 203
48 237
49 265
50 206
51 212
52 208
53 238
54 210
55 213
56 215
57 222
58 223
59 224
60 233
61 229
62 230
63 231
64 232
65 235
66 236
67 243
68 244
69 275
70 245
71 252
72 256
73 258
74 264
75 276
76 277
NUMBER_OF_TECHNICIANS = 26
8 188
11 187
4 147 150 181 200 161 136 183
39 157
3 192 154 197
5 155 182 169 134
9 151 140 193
17 165 141
12 142
2 175 199 163 139 143
6 138 170 144 146
1 149 171 202 153
7 198 152 178 133 156 185
14 180 160
19 168 162
13 135 145 159 167
25 174
15 137 172 158 176
27 177
26 179
10 166 184 186
21 132 164 190
20 201
23 191 194
22 173 195
16 189 148 196
DAY = 5
NUMBER_OF_TRUCKS = 68
1 331
2 333
3 289
4 290
5 340
6 292
7 296
8 325
9 345
10 304
11 336
12 303
13 309
14 312
15 298
16 330
17 344
18 346
19 341
20 338
21 315
22 314
23 328
24 316
25 318
26 342
27 280
28 283
29 310
30 320
31 297
32 301
33 319
34 302
35 305
36 307
37 337
38 324
39 326
40 321
41 286
42 285
43 335
44 308
45 329
46 299
47 279
48 281
49 282
50 284
51 287
52 313
53 332
54 288
55 291
56 293
57 294
58 295
59 300
60 306
61 311
62 317
63 322
64 323
65 327
66 334
67 339
68 343
NUMBER_OF_TECHNICIANS = 27
8 204
3 225 216 247 273 253 242
4 219 250 267 207 249
12 257
6 234 255 214 251 269
7 218 239 263 278 240 254 248
5 217 228
26 260
11 226 272 220 203
15 205 266 213
1 271 270 215
10 241 265 223
21 224
17 221 268 208 238 210 222 229
19 233 230
22 231 232
25 235
27 236
16 237 243
28 244 275
14 245
9 262 261 252
2 211 227 259 256
13 209 274 258
23 264
18 206 212 276
20 246 277
DAY = 6
NUMBER_OF_TRUCKS = 66
1 369
2 392
3 375
4 393
5 394
6 407
7 370
8 353
9 396
10 374
11 371
12 390
13 397
14 383
15 406
16 378
17 358
18 354
19 402
20 404
21 381
22 350
23 385
24 366
25 382
26 377
27 387
28 355
29 367
30 399
31 347
32 351
33 359
34 384
35 400
36 388
37 348
38 365
39 409
40 361
41 395
42 411
43 403
44 364
45 379
46 356
47 352
48 389
49 362
50 380
51 372
52 373
53 405
54 391
55 398
56 363
57 412
58 357
59 349
60 408
61 360
62 368
63 376
64 386
65 401
66 410
NUMBER_OF_TECHNICIANS = 23
6 289 344 346
5 292 336 341 315
1 309 318 342 320
10 298 307
2 331 333 325 321
7 303 338 314 280 283 310 301 279
16 297 324 299 281
22 282
18 284
13 328 313
17 337 286 287 332
4 345 304 330 326 288
3 340 312 316 291
19 285 335 308 294
8 295
21 293 306
31 317
12 319 329 322
11 305 323
15 290 302 300 327
20 311 334
25 339
9 296 343
DAY = 7
NUMBER_OF_TRUCKS = 57
1 413
2 438
3 437
4 426
5 463
6 443
7 462
8 446
9 431
10 414
11 461
12 445
13 428
14 444
15 436
16 421
17 425
18 415
19 469
20 429
21 466
22 459
23 457
24 442
25 448
26 453
27 440
28 458
29 464
30 435
31 423
32 430
33 419
34 433
35 460
36 455
37 434
38 465
39 416
40 432
41 418
42 447
43 417
44 454
45 420
46 451
47 450
48 468
49 427
50 467
51 422
52 456
53 424
54 449
55 439
56 441
57 452
NUMBER_OF_TECHNICIANS = 22
2 392 375 407 383
9 381 366 355 367
6 396 390 347
7 402 404 350 377 351
1 399 348
11 378 395
13 382 384 379
39 356
20 352
10 400 361 362
22 380
16 372 373
4 393 374 397 406 358 405
3 369 353 391
8 371 365 403 363
17 385 359 412
5 394 370 387 408
21 388 398 360
15 354 349 368
19 409 411 364 389 357 376 386
14 401
12 410
DAY = 8
NUMBER_OF_TRUCKS = 66
1 507
2 534
3 476
4 486
5 478
6 520
7 470
8 493
9 494
10 490
11 521
12 487
13 481
14 477
15 501
16 505
17 527
18 503
19 485
20 472
21 513
22 529
23 509
24 526
25 517
26 498
27 516
28 515
29 524
30 531
31 491
32 492
33 495
34 518
35 525
36 479
37 497
38 535
39 471
40 508
41 489
42 519
43 499
44 473
45 530
46 488
47 504
48 514
49 522
50 500
51 506
52 512
53 475
54 523
55 532
56 480
57 533
58 474
59 482
60 510
61 483
62 484
63 502
64 496
65 511
66 528
NUMBER_OF_TECHNICIANS = 20
5 438 443 462
2 437 426 421
1 445 448
4 463 446 429 459 457 453
7 461 425 469 433
9 431 436 460
22 455
10 442 416
20 418
6 414 435 432 417
8 420
13 428 444 415 464 465 468
14 454 427
11 440 458 447 467
21 422
23 424
19 449
3 413 466 451 439
15 423 430 419 434 441
17 450 456 452
DAY = 9
NUMBER_OF_TRUCKS = 65
1 598
2 539
3 547
4 577
5 586
6 597
7 565
8 548
9 552
10 600
11 593
12 599
13 560
14 568
15 580
16 537
17 545
18 558
19 536
20 555
21 556
22 579
23 594
24 570
25 557
26 585
27 589
28 590
29 584
30 588
31 564
32 581
33 561
34 550
35 546
36 578
37 591
38 596
39 582
40 571
41 572
42 576
43 563
44 566
45 543
46 551
47 575
48 538
49 569
50 595
51 542
52 559
53 573
54 562
55 554
56 587
57 592
58 567
59 583
60 549
61 574
62 540
63 541
64 553
65 544
NUMBER_OF_TECHNICIANS = 24
7 521 477 505
3 534 494 516
9 481 485 513 529 515 524
11 492
26 535
1 471
4 486 470 527 508
16 489
27 473
20 488
17 526 518 519 504
2 476 478 493 472 514 522
8 500 506
22 479 512
21 491 495 523
10 530 532
13 503 509 517 525 497 480
23 474
5 490 487 499 482
6 520 501 510
12 531 484 502
25 496
15 507 498 511
19 475 533 483 528
DAY = 10
NUMBER_OF_TRUCKS = 0
NUMBER_OF_TECHNICIANS = 20
3 598 568
5 552 599 580
2 539 577 586 556
7 537 558 594 581 546
6 597 589 572
4 547 548 600 593 579 590 563
10 584 566
16 578 591 575
17 570 585 561 596 538
22 595
11 559
18 562
13 545 557 582 571 554
19 564 587
9 560 536 555 543 551 567
8 565 583
12 569 549 574
21 542 540
14 573 541 553
15 588 550 576 592 544
