DATASET = ORTEC Early VeRoLog 2019 - easy
NAME = Instance24easy
TRUCK_DISTANCE = 350752
NUMBER_OF_TRUCK_DAYS = 900
NUMBER_OF_TRUCKS_USED = 32
TECHNICIAN_DISTANCE = 250736
NUMBER_OF_TECHNICIAN_DAYS = 530
NUMBER_OF_TECHNICIANS_USED = 46
IDLE_MACHINE_COSTS = 0
TOTAL_COST = 47051060
DAY = 1
NUMBER_OF_TRUCKS = 22
1 1
2 2
3 11
4 3
5 4
6 5
7 6
8 7
9 8
10 9
11 10
12 12
13 13
14 14
15 15
16 16
17 17
18 18
19 19
20 20
21 21
22 22
NUMBER_OF_TECHNICIANS = 0
DAY = 2
NUMBER_OF_TRUCKS = 21
1 40
2 32
3 23
4 24
5 25
6 26
7 27
8 28
9 29
10 30
11 31
12 33
13 34
14 35
15 36
16 37
17 38
18 39
19 41
20 42
21 43
NUMBER_OF_TECHNICIANS = 14
1 2
13 4
6 8
3 9
58 10
33 12
31 13
14 6 7 14
9 15
2 11 3 5 17
4 1 16 19
18 18 20
22 21
34 22
DAY = 3
NUMBER_OF_TRUCKS = 29
1 69
2 44
3 48
4 45
5 46
6 47
7 49
8 57
9 50
10 51
11 52
12 53
13 54
14 55
15 56
16 58
17 59
18 60
19 61
20 62
21 63
22 64
23 65
24 66
25 67
26 68
27 70
28 71
29 72
NUMBER_OF_TECHNICIANS = 12
16 24
35 26
2 23 27 28
1 40 29
33 31
13 25 34
14 35
10 36 37
6 39
18 33 41
4 32 30 38 42
7 43
DAY = 4
NUMBER_OF_TRUCKS = 27
1 83
2 93
3 86
4 90
5 79
6 84
7 73
8 74
9 75
10 76
11 77
12 78
13 82
14 94
15 80
16 81
17 85
18 87
19 88
20 89
21 91
22 92
23 95
24 96
25 97
26 98
27 99
NUMBER_OF_TECHNICIANS = 12
8 51
1 52
4 69 47 49 57 58
12 60
26 61
9 54 63
18 50 64
2 44 45 59 66 67
35 68
16 65 70
13 48 46 55 62 71
14 53 56 72
DAY = 5
NUMBER_OF_TRUCKS = 22
1 112
2 103
3 108
4 118
5 105
6 120
7 100
8 101
9 102
10 104
11 106
12 107
13 109
14 110
15 111
16 113
17 114
18 115
19 116
20 117
21 119
22 121
NUMBER_OF_TECHNICIANS = 19
13 93
35 86
14 90
1 79
7 73
4 84 74
30 75
8 78
11 82
39 94
16 80
9 85
6 88
2 83 76 77 89
18 87 91
10 92
20 81 95 96
34 97
22 98 99
DAY = 6
NUMBER_OF_TRUCKS = 19
1 133
2 129
3 125
4 139
5 122
6 137
7 123
8 124
9 140
10 126
11 127
12 128
13 130
14 131
15 132
16 134
17 135
18 136
19 138
NUMBER_OF_TECHNICIANS = 13
9 105
13 103 101
7 104
2 112 108 106
20 118 107
18 102 109 110
14 100 113
16 114
35 115
26 111 116
12 120 117
5 119
10 121
DAY = 7
NUMBER_OF_TRUCKS = 28
1 154
2 168
3 144
4 150
5 142
6 160
7 158
8 159
9 166
10 152
11 164
12 167
13 145
14 149
15 141
16 143
17 146
18 147
19 148
20 151
21 153
22 155
23 156
24 157
25 161
26 162
27 163
28 165
NUMBER_OF_TECHNICIANS = 13
6 139
1 133 125 122
4 129 137
17 124
7 123 127
9 126 128
20 140 130
63 131
12 132
26 134
3 135
34 136
60 138
DAY = 8
NUMBER_OF_TRUCKS = 24
1 171
2 186
3 182
4 192
5 191
6 179
7 169
8 170
9 172
10 178
11 173
12 180
13 174
14 175
15 176
16 177
17 181
18 183
19 184
20 185
21 187
22 188
23 189
24 190
NUMBER_OF_TECHNICIANS = 16
1 144
3 150
7 142 160
16 166
35 152
10 164
48 149
31 141
5 146
6 168 148
12 145 153
34 167 155
9 159 147 157
22 143 156 162
20 161 163
4 154 158 151 165
DAY = 9
NUMBER_OF_TRUCKS = 20
1 212
2 195
3 205
4 203
5 200
6 207
7 208
8 199
9 204
10 193
11 194
12 196
13 197
14 198
15 201
16 202
17 206
18 209
19 210
20 211
NUMBER_OF_TECHNICIANS = 13
2 186
4 182 191 169
13 171 178
8 180 175
6 177
22 181
14 170 173 174 183
18 176 184
16 192 185
1 179 172 187
12 188
3 189
20 190
DAY = 10
NUMBER_OF_TRUCKS = 23
1 231
2 235
3 229
4 226
5 222
6 213
7 214
8 215
9 216
10 217
11 218
12 219
13 220
14 221
15 223
16 224
17 225
18 227
19 228
20 230
21 232
22 233
23 234
NUMBER_OF_TECHNICIANS = 12
7 208
12 199
8 193
18 194
25 197
16 198
33 201
26 202
4 205 203 207 206
2 212 200 204 209
14 195 196 210
32 211
DAY = 11
NUMBER_OF_TRUCKS = 19
1 240
2 245
3 254
4 246
5 236
6 244
7 251
8 242
9 248
10 243
11 250
12 247
13 238
14 237
15 239
16 241
17 249
18 252
19 253
NUMBER_OF_TECHNICIANS = 13
10 229
26 215
18 216
9 214 218
1 235 213 219
34 220
35 226 221
7 227
21 228
16 223 230
17 232
14 225 233
2 231 222 217 224 234
DAY = 12
NUMBER_OF_TRUCKS = 24
1 275
2 265
3 276
4 259
5 270
6 278
7 262
8 277
9 267
10 264
11 271
12 263
13 273
14 256
15 266
16 268
17 255
18 257
19 258
20 260
21 261
22 269
23 272
24 274
NUMBER_OF_TECHNICIANS = 10
13 254
1 246 251 243
8 247
9 238
27 237
2 240 245 244 250 239
4 236 242 248 241
20 249
17 252
26 253
DAY = 13
NUMBER_OF_TRUCKS = 17
1 283
2 289
3 280
4 285
5 295
6 282
7 286
8 287
9 288
10 294
11 279
12 281
13 284
14 290
15 291
16 292
17 293
NUMBER_OF_TECHNICIANS = 15
3 276
16 259 270
7 277
9 264
12 271
13 262 263
5 273
14 256
35 268
18 278 267 255
20 266 260
30 257 261
8 269
26 258 272
1 275 265 274
DAY = 14
NUMBER_OF_TRUCKS = 26
1 320
2 311
3 304
4 314
5 319
6 318
7 313
8 297
9 299
10 308
11 316
12 301
13 302
14 317
15 305
16 307
17 321
18 298
19 296
20 300
21 303
22 306
23 309
24 310
25 312
26 315
NUMBER_OF_TECHNICIANS = 9
13 295 282
1 289 287
2 280 288 294
7 281
17 279 284
18 286 290
21 291
4 283 285 292
20 293
DAY = 15
NUMBER_OF_TRUCKS = 22
1 332
2 343
3 324
4 337
5 339
6 330
7 323
8 334
9 341
10 322
11 338
12 335
13 331
14 342
15 329
16 325
17 326
18 327
19 328
20 333
21 336
22 340
NUMBER_OF_TECHNICIANS = 13
13 311
16 297 316 302
9 305
2 319 308 307
12 298
5 296
4 320 314 318 301 317 300
26 303
8 304 306
14 313 321 309
22 299 310
21 312
20 315
DAY = 16
NUMBER_OF_TRUCKS = 20
1 351
2 352
3 345
4 360
5 362
6 361
7 349
8 348
9 359
10 353
11 346
12 357
13 354
14 358
15 356
16 347
17 344
18 350
19 355
20 363
NUMBER_OF_TECHNICIANS = 14
4 332 330
18 323 334
35 341
14 322
6 338
9 335
2 343 337 329
1 324 339 325
60 326
16 331 327
8 328
34 342 333
75 336
7 340
DAY = 17
NUMBER_OF_TRUCKS = 14
1 364
2 367
3 375
4 368
5 365
6 377
7 376
8 369
9 366
10 370
11 371
12 372
13 373
14 374
NUMBER_OF_TECHNICIANS = 15
1 345 360
2 352 362
13 349
11 348
26 359
12 346
14 353 357
16 354
9 358
7 356
6 347
23 344
31 350
18 351 361 355
35 363
DAY = 18
NUMBER_OF_TRUCKS = 31
1 382
2 390
3 395
4 384
5 408
6 393
7 391
8 388
9 403
10 383
11 378
12 397
13 399
14 404
15 407
16 400
17 381
18 385
19 401
20 380
21 394
22 392
23 379
24 402
25 386
26 387
27 389
28 396
29 398
30 405
31 406
NUMBER_OF_TECHNICIANS = 10
7 375
2 365
8 368 377
17 376
4 364 369
26 366
31 370
1 367 372
20 373
35 371 374
DAY = 19
NUMBER_OF_TRUCKS = 27
1 434
2 425
3 410
4 414
5 432
6 412
7 420
8 418
9 428
10 413
11 430
12 427
13 423
14 435
15 424
16 431
17 429
18 415
19 419
20 409
21 411
22 416
23 417
24 421
25 422
26 426
27 433
NUMBER_OF_TECHNICIANS = 19
16 390
35 393
18 403 378
60 397
1 384 383 404
14 382 407
17 385
8 401
63 380
45 394
12 392
31 379
4 408 391 388 386
20 402 387
13 395 400 389
9 399 381 396
34 398
7 405
22 406
DAY = 20
NUMBER_OF_TRUCKS = 28
1 458
2 450
3 451
4 448
5 456
6 449
7 452
8 457
9 441
10 459
11 454
12 455
13 447
14 439
15 460
16 438
17 436
18 437
19 440
20 442
21 443
22 444
23 445
24 446
25 453
26 461
27 462
28 463
NUMBER_OF_TECHNICIANS = 13
8 432
4 434 414 428
13 418 430
6 435
18 424 431
22 420 427 419
20 423 409
16 412 411
14 425 410 413 417
7 429 421
9 415 422
26 416 426
37 433
DAY = 21
NUMBER_OF_TRUCKS = 28
1 467
2 490
3 465
4 464
5 491
6 481
7 470
8 477
9 485
10 483
11 472
12 466
13 489
14 479
15 471
16 469
17 468
18 476
19 484
20 478
21 473
22 474
23 475
24 480
25 482
26 486
27 487
28 488
NUMBER_OF_TECHNICIANS = 19
20 451
6 449
9 454
1 450 447
8 439
12 460
16 457 438
34 436
18 452 437
35 459 440
39 442
13 458 455 443
4 456 441 444
27 445
48 446
55 453
2 448 461
14 462
58 463
DAY = 22
NUMBER_OF_TRUCKS = 12
1 502
2 495
3 493
4 500
5 503
6 499
7 496
8 497
9 498
10 501
11 492
12 494
NUMBER_OF_TECHNICIANS = 15
10 490
2 467 464 470
18 477
9 485
13 465 491 489
77 479
34 469
48 476
26 483 466 484
1 468 478 473
60 474
16 481 471 475 480 482
8 486
35 487
3 472 488
DAY = 23
NUMBER_OF_TRUCKS = 28
1 516
2 505
3 510
4 518
5 504
6 523
7 513
8 511
9 507
10 512
11 517
12 526
13 506
14 509
15 528
16 508
17 527
18 524
19 522
20 514
21 531
22 525
23 520
24 515
25 519
26 521
27 529
28 530
NUMBER_OF_TECHNICIANS = 7
10 502
2 493 500 503 499
12 496
4 495 497
5 498
16 501 492
14 494
DAY = 24
NUMBER_OF_TRUCKS = 25
1 554
2 541
3 549
4 553
5 552
6 546
7 536
8 543
9 533
10 555
11 532
12 556
13 534
14 537
15 545
16 551
17 540
18 544
19 550
20 539
21 535
22 538
23 542
24 547
25 548
NUMBER_OF_TECHNICIANS = 16
35 510
26 513
18 523 511
10 507
12 512
13 526 509
4 516 518 506 508
5 524
58 531
1 504 525
3 527 520
7 517 515
6 519
14 505 528 522 521
9 514 529
21 530
DAY = 25
NUMBER_OF_TRUCKS = 23
1 577
2 579
3 576
4 564
5 567
6 563
7 568
8 573
9 571
10 572
11 566
12 558
13 570
14 569
15 565
16 559
17 578
18 562
19 574
20 557
21 560
22 561
23 575
NUMBER_OF_TECHNICIANS = 15
20 536
10 533
4 552 555
9 532
14 534
8 553 537
3 545
2 549 543 551
6 546 540
21 544
34 550
1 554 539 538
13 541 556 542
35 535 547
48 548
DAY = 26
NUMBER_OF_TRUCKS = 25
1 585
2 589
3 587
4 597
5 581
6 599
7 604
8 583
9 603
10 593
11 588
12 592
13 586
14 582
15 596
16 600
17 594
18 591
19 601
20 590
21 580
22 584
23 595
24 598
25 602
NUMBER_OF_TECHNICIANS = 13
16 579
7 571
1 577 576 572
4 564 563 568 566
3 567 558
26 570
34 559
8 569 578
27 562 574
30 557
60 560
18 573 565 561
17 575
DAY = 27
NUMBER_OF_TRUCKS = 24
1 618
2 624
3 609
4 614
5 628
6 610
7 623
8 613
9 607
10 612
11 606
12 626
13 622
14 615
15 605
16 608
17 611
18 616
19 617
20 620
21 619
22 621
23 625
24 627
NUMBER_OF_TECHNICIANS = 15
13 585 587
9 583
18 603 588
26 592
5 586
2 599 604 600
14 597 596 594
20 593 591
16 601
23 590
8 580
3 584
1 589 581 595
25 598
12 582 602
DAY = 28
NUMBER_OF_TRUCKS = 20
1 641
2 645
3 647
4 632
5 644
6 638
7 633
8 631
9 637
10 635
11 642
12 643
13 634
14 636
15 640
16 648
17 629
18 630
19 639
20 646
NUMBER_OF_TECHNICIANS = 15
34 614
4 624 628
9 613
22 607
26 612
14 606
6 626
1 618 622
48 615
13 609 605 611
2 610 608 616
18 623 617
44 621
12 625
7 620 619 627
DAY = 29
NUMBER_OF_TRUCKS = 19
1 665
2 664
3 651
4 658
5 661
6 649
7 654
8 662
9 666
10 667
11 656
12 657
13 663
14 652
15 660
16 659
17 650
18 653
19 655
NUMBER_OF_TECHNICIANS = 13
33 641
7 647
4 632 638 633 631
16 635
9 642
20 643
8 636
13 645 640
2 644 648
15 629
60 630
18 637 634 639
26 646
DAY = 30
NUMBER_OF_TRUCKS = 21
1 677
2 670
3 669
4 687
5 686
6 684
7 673
8 685
9 675
10 688
11 679
12 668
13 671
14 683
15 676
16 681
17 680
18 672
19 674
20 678
21 682
NUMBER_OF_TECHNICIANS = 13
14 654
6 662
2 664 658 649 666
8 667
13 665 656
34 657
35 663
9 652
3 660
27 659
4 651 661 650
20 653
23 655
DAY = 31
NUMBER_OF_TRUCKS = 23
1 702
2 703
3 700
4 692
5 698
6 705
7 689
8 701
9 694
10 696
11 707
12 706
13 710
14 709
15 695
16 699
17 711
18 693
19 704
20 697
21 708
22 691
23 690
NUMBER_OF_TECHNICIANS = 9
6 686
16 675 688
18 668
3 684 673 671
8 687 676
23 680
4 679 672
14 670 669 685 683 678
1 677 681 674 682
DAY = 32
NUMBER_OF_TRUCKS = 23
1 719
2 715
3 731
4 714
5 728
6 717
7 725
8 730
9 726
10 720
11 718
12 722
13 734
14 727
15 721
16 716
17 713
18 724
19 733
20 712
21 723
22 732
23 729
NUMBER_OF_TECHNICIANS = 13
35 700
9 694
26 696
14 703 706 710
12 709
13 699
6 711
1 701 707 695 693
20 704
2 702 692 689 697
7 708
18 698 705 691
22 690
DAY = 33
NUMBER_OF_TRUCKS = 26
1 756
2 739
3 755
4 751
5 749
6 760
7 744
8 746
9 741
10 757
11 754
12 759
13 752
14 740
15 748
16 743
17 735
18 738
19 737
20 745
21 753
22 758
23 742
24 736
25 747
26 750
NUMBER_OF_TECHNICIANS = 17
2 715 731
3 728
16 725
28 730
35 720
1 726 718
17 722
8 734
26 721
59 716
34 713
4 719 717 724
25 733
18 714 712
7 723
13 727 732
23 729
DAY = 34
NUMBER_OF_TRUCKS = 32
1 781
2 764
3 779
4 772
5 780
6 771
7 765
8 763
9 776
10 786
11 768
12 774
13 788
14 784
15 773
16 769
17 783
18 790
19 762
20 785
21 787
22 791
23 782
24 766
25 761
26 770
27 792
28 777
29 767
30 775
31 778
32 789
NUMBER_OF_TECHNICIANS = 13
35 756 739
4 755 751 760 744
34 741
5 752
7 740
14 759 735
9 743 737
26 738 745
6 758
20 753 742
1 749 746 757 748 736
13 754 747
22 750
DAY = 35
NUMBER_OF_TRUCKS = 18
1 809
2 803
3 794
4 802
5 808
6 798
7 806
8 805
9 804
10 810
11 795
12 793
13 796
14 801
15 807
16 797
17 799
18 800
NUMBER_OF_TECHNICIANS = 16
35 780
3 774
13 765 763 788
18 772 786 769
2 781 783
26 790
8 791
12 782
16 773 766
10 761
33 762 770
14 768 784 792
9 785 777
4 764 779 771 776 787 767 775
7 778
30 789
DAY = 36
NUMBER_OF_TRUCKS = 26
1 832
2 827
3 833
4 811
5 823
6 829
7 815
8 817
9 834
10 835
11 820
12 831
13 828
14 813
15 812
16 822
17 814
18 821
19 816
20 830
21 818
22 826
23 825
24 819
25 824
26 836
NUMBER_OF_TECHNICIANS = 12
4 803 794
9 806
26 804
20 805 810
16 795
34 793
8 796
35 801
1 802 808 807
18 798 797
39 799
2 809 800
DAY = 37
NUMBER_OF_TRUCKS = 18
1 842
2 838
3 844
4 848
5 837
6 839
7 841
8 853
9 845
10 854
11 851
12 840
13 847
14 852
15 843
16 849
17 846
18 850
NUMBER_OF_TECHNICIANS = 14
1 832
33 833
8 834
2 827 835 813
16 812
9 829 831 814
18 822 816
7 823 830
20 818
30 826
22 825
11 819
13 815 821 824
14 811 817 820 828 836
DAY = 38
NUMBER_OF_TRUCKS = 20
1 867
2 859
3 860
4 861
5 863
6 855
7 856
8 865
9 868
10 870
11 874
12 862
13 873
14 857
15 866
16 872
17 864
18 871
19 858
20 869
NUMBER_OF_TECHNICIANS = 12
6 844
13 837
1 839
14 841
16 845 854
4 842 853 851
20 840
8 847
17 852
212 843
2 838 848 849 846
23 850
DAY = 39
NUMBER_OF_TRUCKS = 26
1 878
2 890
3 882
4 879
5 893
6 875
7 892
8 894
9 896
10 891
11 897
12 887
13 884
14 898
15 881
16 900
17 883
18 886
19 880
20 876
21 888
22 877
23 895
24 899
25 889
26 885
NUMBER_OF_TECHNICIANS = 14
6 867
1 860
14 861
13 855 868
26 870
9 874
20 862
10 873
11 857
3 866
12 872
16 865 864
4 859 863 856 871
18 858 869
DAY = 40
NUMBER_OF_TRUCKS = 0
NUMBER_OF_TECHNICIANS = 14
8 894
9 891
2 893 875 884 898
5 881
7 900
13 890 886
4 878 882 897 880
17 876
23 888
12 877
19 895
1 879 887 899
26 896 889
18 892 883 885
