DATASET = ORTEC Early VeRoLog 2019
NAME = Instance5
TRUCK_DISTANCE = 548250
NUMBER_OF_TRUCK_DAYS = 750
NUMBER_OF_TRUCKS_USED = 28
TECHNICIAN_DISTANCE = 238260
NUMBER_OF_TECHNICIAN_DAYS = 538
NUMBER_OF_TECHNICIANS_USED = 39
IDLE_MACHINE_COSTS = 0
TOTAL_COST = 23892306800
DAY = 1
NUMBER_OF_TRUCKS = 19
1 1
2 2
3 3
4 4
5 5
6 6
7 7
8 8
9 9
10 10
11 11
12 12
13 13
14 14
15 15
16 18
17 16
18 17
19 19
NUMBER_OF_TECHNICIANS = 0
DAY = 2
NUMBER_OF_TRUCKS = 14
1 30
2 32
3 20
4 21
5 22
6 23
7 24
8 25
9 26
10 27
11 28
12 29
13 31
14 33
NUMBER_OF_TECHNICIANS = 14
17 3
4 1 4
18 7
9 8
25 9
20 10
31 11
12 6 12
15 14
13 5 15
8 2 13 18
43 16
24 17
10 19
DAY = 3
NUMBER_OF_TRUCKS = 18
1 34
2 45
3 35
4 36
5 37
6 38
7 39
8 40
9 41
10 42
11 43
12 44
13 46
14 47
15 48
16 49
17 50
18 51
NUMBER_OF_TECHNICIANS = 9
24 21
4 30 32 22
6 24
9 20 25
5 26
3 27
13 23 29
1 28 31
17 33
DAY = 4
NUMBER_OF_TRUCKS = 21
1 64
2 52
3 53
4 54
5 55
6 56
7 57
8 58
9 59
10 60
11 61
12 62
13 63
14 66
15 65
16 67
17 68
18 69
19 70
20 71
21 72
NUMBER_OF_TECHNICIANS = 14
15 34
11 36
8 37
18 39
9 40
19 41
3 45 42
24 43
75 46
5 44 47
17 38 48
4 35 49
76 50
7 51
DAY = 5
NUMBER_OF_TRUCKS = 10
1 73
2 79
3 74
4 75
5 76
6 77
7 78
8 80
9 81
10 82
NUMBER_OF_TECHNICIANS = 16
24 52
3 53 54
5 55
13 56
15 59
8 64 57 60
14 61
10 62
9 63
17 65
18 67
16 68
12 58 66 69
11 70
26 71
43 72
DAY = 6
NUMBER_OF_TRUCKS = 18
1 90
2 85
3 94
4 97
5 83
6 84
7 88
8 86
9 87
10 89
11 91
12 92
13 93
14 95
15 96
16 98
17 99
18 100
NUMBER_OF_TECHNICIANS = 6
24 79
46 76
15 73 77
17 75 78
26 80
4 74 81 82
DAY = 7
NUMBER_OF_TRUCKS = 21
1 110
2 116
3 121
4 105
5 111
6 104
7 102
8 112
9 101
10 103
11 106
12 107
13 108
14 109
15 113
16 114
17 115
18 117
19 118
20 119
21 120
NUMBER_OF_TECHNICIANS = 13
3 97
14 84
26 88
13 86
6 87
28 89
4 90 94 91
1 92
10 93
5 95
15 98
9 83 96 99
16 85 100
DAY = 8
NUMBER_OF_TRUCKS = 12
1 125
2 123
3 127
4 126
5 129
6 122
7 124
8 128
9 130
10 131
11 132
12 133
NUMBER_OF_TECHNICIANS = 15
10 110
8 102
15 112
26 105 101
11 103
9 106
43 107
7 108
37 113
13 114
3 111 115
5 117
18 118
4 116 121 109 119
12 104 120
DAY = 9
NUMBER_OF_TRUCKS = 14
1 143
2 147
3 146
4 134
5 135
6 136
7 137
8 138
9 139
10 140
11 141
12 142
13 144
14 145
NUMBER_OF_TECHNICIANS = 9
3 125
4 123 126
16 129
8 122
1 128
26 130
12 131
9 124 132
24 127 133
DAY = 10
NUMBER_OF_TRUCKS = 19
1 155
2 163
3 160
4 161
5 156
6 154
7 151
8 152
9 153
10 164
11 148
12 149
13 150
14 157
15 158
16 159
17 162
18 165
19 166
NUMBER_OF_TECHNICIANS = 9
19 146
6 143 134
39 136
5 135 137
18 139
12 147 140
7 141
16 138 144
24 142 145
DAY = 11
NUMBER_OF_TRUCKS = 13
1 167
2 170
3 173
4 178
5 171
6 177
7 172
8 168
9 169
10 174
11 175
12 176
13 179
NUMBER_OF_TECHNICIANS = 13
10 160
20 161
5 156
3 154
1 153
18 164
11 149
13 150
4 163 152 157
17 148 158
28 162
8 155 151 165
16 159 166
DAY = 12
NUMBER_OF_TRUCKS = 28
1 186
2 194
3 192
4 188
5 195
6 200
7 180
8 199
9 197
10 206
11 190
12 202
13 183
14 196
15 191
16 204
17 181
18 182
19 184
20 185
21 187
22 189
23 193
24 198
25 201
26 203
27 205
28 207
NUMBER_OF_TECHNICIANS = 11
15 167
3 170
26 173
8 178
17 172
13 168
14 169
9 174
12 171 175
18 177 176
24 179
DAY = 13
NUMBER_OF_TRUCKS = 18
1 220
2 210
3 225
4 221
5 215
6 209
7 217
8 219
9 208
10 211
11 212
12 213
13 214
14 216
15 218
16 222
17 223
18 224
NUMBER_OF_TECHNICIANS = 17
8 194
5 192
24 206
9 183
1 196
16 202 191
11 204
3 181
46 182
18 184
15 186 189
4 188 193
13 180 199 185 198
51 201
17 197 203
12 195 187 205
14 200 190 207
DAY = 14
NUMBER_OF_TRUCKS = 12
1 234
2 229
3 232
4 227
5 228
6 237
7 233
8 226
9 230
10 231
11 235
12 236
NUMBER_OF_TECHNICIANS = 13
13 221
4 210 225 215
10 209
3 217
5 219
24 211 212
12 213
39 214
16 216
1 218
17 220 222
8 208 223
36 224
DAY = 15
NUMBER_OF_TRUCKS = 22
1 253
2 254
3 243
4 246
5 259
6 251
7 239
8 240
9 244
10 247
11 249
12 248
13 241
14 238
15 242
16 245
17 250
18 252
19 255
20 256
21 257
22 258
NUMBER_OF_TECHNICIANS = 10
4 234
1 232
9 228
18 237
28 233
12 229 226
5 230
24 231
8 235
16 227 236
DAY = 16
NUMBER_OF_TRUCKS = 10
1 262
2 267
3 260
4 264
5 266
6 261
7 263
8 265
9 268
10 269
NUMBER_OF_TECHNICIANS = 17
1 253
19 243
17 254 259
3 246 239
10 240
26 244
18 249
5 248
13 241
51 238
9 251 245
12 247 242 250
15 252
11 255
16 256
22 257
47 258
DAY = 17
NUMBER_OF_TRUCKS = 15
1 284
2 271
3 283
4 277
5 270
6 275
7 276
8 280
9 272
10 282
11 273
12 274
13 278
14 279
15 281
NUMBER_OF_TECHNICIANS = 7
3 264
75 266
9 261
15 263
17 267 265
4 262 260 268
18 269
DAY = 18
NUMBER_OF_TRUCKS = 16
1 286
2 295
3 299
4 293
5 285
6 290
7 288
8 297
9 292
10 289
11 298
12 294
13 291
14 287
15 296
16 300
NUMBER_OF_TECHNICIANS = 9
26 284
3 271
15 277
1 270
17 276 272 282
9 273
16 274
8 283 278 279
4 275 280 281
DAY = 19
NUMBER_OF_TRUCKS = 13
1 308
2 305
3 309
4 312
5 301
6 304
7 303
8 310
9 307
10 302
11 306
12 311
13 313
NUMBER_OF_TECHNICIANS = 12
18 295
20 285
10 290
26 288
5 292
9 289
13 298
8 293 294
4 286 299 291
1 287
12 296
3 297 300
DAY = 20
NUMBER_OF_TRUCKS = 13
1 323
2 314
3 319
4 320
5 317
6 321
7 326
8 325
9 315
10 316
11 318
12 322
13 324
NUMBER_OF_TECHNICIANS = 10
15 308
17 305
10 309
33 301
13 303
4 304 310
24 307 302
43 306
12 311
5 312 313
DAY = 21
NUMBER_OF_TRUCKS = 15
1 335
2 333
3 331
4 336
5 332
6 329
7 340
8 341
9 330
10 338
11 327
12 339
13 334
14 328
15 337
NUMBER_OF_TECHNICIANS = 10
15 323
5 320
17 314 319 317
10 321
3 326
12 315
8 325 316
24 318
48 322
18 324
DAY = 22
NUMBER_OF_TRUCKS = 11
1 346
2 350
3 342
4 347
5 352
6 345
7 348
8 343
9 344
10 349
11 351
NUMBER_OF_TECHNICIANS = 11
12 333
75 329
4 335 331 336 340
18 341
20 330
8 338
1 327
39 339
6 334
48 328
24 332 337
DAY = 23
NUMBER_OF_TRUCKS = 19
1 357
2 370
3 366
4 359
5 362
6 371
7 369
8 363
9 364
10 356
11 368
12 355
13 360
14 353
15 354
16 358
17 361
18 365
19 367
NUMBER_OF_TECHNICIANS = 7
24 342
1 350 347
3 352
26 345
4 346 348 344
17 349
8 343 351
DAY = 24
NUMBER_OF_TRUCKS = 19
1 388
2 383
3 389
4 378
5 390
6 376
7 387
8 385
9 373
10 377
11 375
12 386
13 384
14 374
15 381
16 372
17 379
18 380
19 382
NUMBER_OF_TECHNICIANS = 14
1 357
19 366
10 359
3 371
4 362 369 363 364
28 368
18 355
5 360
9 353
15 370 354
8 358
17 361
12 356 365
48 367
DAY = 25
NUMBER_OF_TRUCKS = 7
1 391
2 393
3 395
4 397
5 394
6 392
7 396
NUMBER_OF_TECHNICIANS = 13
12 389
17 388 378
4 383 376
43 387
3 377 375
8 373 386
1 384
28 374
10 381
24 390 372
5 385 379
56 380
7 382
DAY = 26
NUMBER_OF_TRUCKS = 13
1 409
2 399
3 402
4 404
5 407
6 406
7 410
8 405
9 400
10 403
11 398
12 401
13 408
NUMBER_OF_TECHNICIANS = 6
15 391
26 393
3 395
17 397
5 394
9 392 396
DAY = 27
NUMBER_OF_TRUCKS = 13
1 414
2 421
3 417
4 422
5 423
6 412
7 419
8 418
9 411
10 413
11 420
12 415
13 416
NUMBER_OF_TECHNICIANS = 10
5 409
18 399
24 402 407
13 406
9 405
31 400
33 403
4 404 410 398
28 401
12 408
DAY = 28
NUMBER_OF_TRUCKS = 14
1 425
2 430
3 428
4 432
5 431
6 437
7 426
8 433
9 434
10 424
11 436
12 429
13 427
14 435
NUMBER_OF_TECHNICIANS = 10
8 421
17 422
15 423
5 412
13 419
3 418
18 411
4 414 417 420
10 415
12 413 416
DAY = 29
NUMBER_OF_TRUCKS = 13
1 445
2 448
3 444
4 449
5 450
6 439
7 440
8 446
9 447
10 443
11 442
12 438
13 441
NUMBER_OF_TECHNICIANS = 10
3 432
19 431
14 426
9 433
4 430 437 434
24 425 424
7 436
12 428 429
16 427
17 435
DAY = 30
NUMBER_OF_TRUCKS = 8
1 458
2 453
3 456
4 452
5 455
6 451
7 454
8 457
NUMBER_OF_TECHNICIANS = 10
51 445
17 444
76 450
4 448 439
1 440
12 447
15 443
18 442
9 438
8 449 446 441
DAY = 31
NUMBER_OF_TRUCKS = 15
1 473
2 472
3 462
4 471
5 459
6 467
7 461
8 463
9 460
10 464
11 466
12 469
13 465
14 468
15 470
NUMBER_OF_TECHNICIANS = 7
13 458
26 453
8 456
24 455
10 451
9 452 454
14 457
DAY = 32
NUMBER_OF_TRUCKS = 14
1 484
2 487
3 482
4 475
5 474
6 477
7 481
8 486
9 480
10 476
11 485
12 478
13 483
14 479
NUMBER_OF_TECHNICIANS = 10
8 472
18 462
1 467
12 461
4 473 459 464
24 471 463 466
31 469
17 465
5 460 468
26 470
DAY = 33
NUMBER_OF_TRUCKS = 14
1 499
2 490
3 492
4 495
5 501
6 497
7 489
8 498
9 494
10 493
11 500
12 491
13 488
14 496
NUMBER_OF_TECHNICIANS = 10
10 475
3 474
11 481
5 484 487 486
18 477 480
4 482 476
12 485
31 478
17 483
26 479
DAY = 34
NUMBER_OF_TRUCKS = 20
1 519
2 510
3 520
4 521
5 513
6 515
7 512
8 518
9 517
10 507
11 502
12 514
13 509
14 506
15 503
16 508
17 504
18 505
19 511
20 516
NUMBER_OF_TECHNICIANS = 10
1 490
12 492 495
3 497
24 499 501 489
18 498
19 494
36 500
26 491
8 493 488
28 496
DAY = 35
NUMBER_OF_TRUCKS = 18
1 522
2 530
3 539
4 531
5 526
6 533
7 537
8 525
9 534
10 529
11 528
12 532
13 524
14 523
15 527
16 538
17 535
18 536
NUMBER_OF_TECHNICIANS = 13
3 510
10 520
15 521
19 513
4 519 512 518
6 502
8 515 509
13 506
17 503
26 514 508
9 505
18 504 511
24 517 507 516
DAY = 36
NUMBER_OF_TRUCKS = 14
1 544
2 543
3 552
4 545
5 541
6 550
7 553
8 546
9 551
10 542
11 549
12 540
13 547
14 548
NUMBER_OF_TECHNICIANS = 11
15 530
5 533
4 522 539 531 537
1 528
13 534 532
3 524
35 523
9 525 527
8 538
12 529 535
17 526 536
DAY = 37
NUMBER_OF_TRUCKS = 20
1 562
2 572
3 565
4 561
5 556
6 560
7 566
8 571
9 568
10 554
11 555
12 563
13 559
14 569
15 573
16 557
17 558
18 564
19 567
20 570
NUMBER_OF_TECHNICIANS = 11
8 543
1 552
5 545
12 550
15 553
9 546
24 551 542
17 544 549
3 541 540
13 547
6 548
DAY = 38
NUMBER_OF_TRUCKS = 9
1 579
2 581
3 580
4 574
5 577
6 576
7 582
8 575
9 578
NUMBER_OF_TECHNICIANS = 13
1 560
12 571
26 556 568
76 554
24 572 563
33 559
10 569
18 566 573
15 562 557
35 558
5 564
4 565 561 555 567
28 570
DAY = 39
NUMBER_OF_TRUCKS = 22
1 603
2 583
3 596
4 599
5 600
6 586
7 598
8 585
9 602
10 591
11 587
12 592
13 593
14 595
15 590
16 594
17 584
18 597
19 588
20 601
21 604
22 589
NUMBER_OF_TECHNICIANS = 6
8 579
17 580
11 577
5 574 582
4 581 576 575
36 578
DAY = 40
NUMBER_OF_TRUCKS = 14
1 613
2 606
3 617
4 608
5 615
6 607
7 618
8 614
9 611
10 616
11 610
12 605
13 609
14 612
NUMBER_OF_TECHNICIANS = 13
10 603
15 599
22 600
18 587
8 602 592
17 598 593
4 583 596 585 595
1 590
26 591 594
7 597
9 584 588
3 586 601 604
16 589
DAY = 41
NUMBER_OF_TRUCKS = 17
1 635
2 625
3 622
4 633
5 626
6 624
7 634
8 631
9 632
10 623
11 628
12 619
13 627
14 630
15 621
16 620
17 629
NUMBER_OF_TECHNICIANS = 12
76 613
12 606
5 617
3 608
2 607
18 614
16 611
13 616
39 610
9 615 605
24 618 609
11 612
DAY = 42
NUMBER_OF_TRUCKS = 17
1 643
2 639
3 652
4 646
5 638
6 637
7 650
8 642
9 649
10 641
11 644
12 640
13 648
14 636
15 645
16 647
17 651
NUMBER_OF_TECHNICIANS = 12
3 635
15 622
24 633
1 626 624
4 625 634 632
8 631 623
5 628
17 619 627
9 630
12 621
26 620
13 629
DAY = 43
NUMBER_OF_TRUCKS = 13
1 655
2 660
3 665
4 663
5 656
6 657
7 658
8 654
9 661
10 659
11 664
12 653
13 662
NUMBER_OF_TECHNICIANS = 12
5 652
11 646
24 637
3 650
9 639 641
17 642 644
15 640
6 648
12 643 636
8 638 645
13 649 647
18 651
DAY = 44
NUMBER_OF_TRUCKS = 13
1 674
2 676
3 666
4 671
5 668
6 672
7 677
8 678
9 669
10 667
11 670
12 675
13 673
NUMBER_OF_TECHNICIANS = 10
11 660
13 665
33 656
15 657
24 658
4 655 654
26 661
5 663 659
14 664
18 653 662
DAY = 45
NUMBER_OF_TRUCKS = 12
1 679
2 681
3 687
4 690
5 683
6 682
7 688
8 686
9 680
10 684
11 685
12 689
NUMBER_OF_TECHNICIANS = 11
11 674
1 676
12 666
5 668
19 677
4 671 672 678
8 669
9 667
25 670
7 675
18 673
DAY = 46
NUMBER_OF_TRUCKS = 17
1 702
2 707
3 699
4 693
5 696
6 703
7 691
8 704
9 705
10 694
11 697
12 701
13 695
14 706
15 692
16 698
17 700
NUMBER_OF_TECHNICIANS = 10
3 679
12 687
8 690
7 683
15 682
10 688
14 686
36 684
4 681 680 685
18 689
DAY = 47
NUMBER_OF_TRUCKS = 15
1 717
2 714
3 709
4 712
5 722
6 718
7 719
8 711
9 721
10 710
11 713
12 720
13 715
14 708
15 716
NUMBER_OF_TECHNICIANS = 10
24 699
3 696
36 703
7 691
12 704
15 694 697
8 693 695
13 706
4 702 705 701 692 698
17 707 700
DAY = 48
NUMBER_OF_TRUCKS = 10
1 726
2 728
3 730
4 729
5 723
6 731
7 724
8 732
9 727
10 725
NUMBER_OF_TECHNICIANS = 10
10 714
5 709
12 718
9 719
24 711
4 717 722 710
11 720
25 715
3 712 708
16 721 713 716
DAY = 49
NUMBER_OF_TRUCKS = 18
1 740
2 739
3 749
4 748
5 736
6 750
7 743
8 744
9 738
10 747
11 741
12 745
13 737
14 734
15 735
16 742
17 746
18 733
NUMBER_OF_TECHNICIANS = 9
17 728
18 730
15 729
5 723
13 731
3 726 724
24 732
8 727
26 725
DAY = 50
NUMBER_OF_TRUCKS = 0
NUMBER_OF_TECHNICIANS = 13
5 740
15 739
3 736
17 750
8 748 738
36 747
24 743 741
12 745
10 737
9 735
18 749 734 742
11 746
13 744 733
