DATASET = ORTEC Early VeRoLog 2019
NAME = Instance22
TRUCK_DISTANCE = 297656
NUMBER_OF_TRUCK_DAYS = 600
NUMBER_OF_TRUCKS_USED = 40
TECHNICIAN_DISTANCE = 126979
NUMBER_OF_TECHNICIAN_DAYS = 261
NUMBER_OF_TECHNICIANS_USED = 28
IDLE_MACHINE_COSTS = 108514
TOTAL_COST = 1299973914
DAY = 1
NUMBER_OF_TRUCKS = 25
1 1
2 2
3 3
4 4
5 5
6 6
7 7
8 8
9 9
10 10
11 11
12 12
13 13
14 14
15 15
16 16
17 17
18 18
19 19
20 20
21 21
22 22
23 23
24 24
25 25
NUMBER_OF_TECHNICIANS = 0
DAY = 2
NUMBER_OF_TRUCKS = 38
1 46
2 39
3 32
4 26
5 27
6 28
7 29
8 30
9 61
10 31
11 60
12 33
13 34
14 35
15 62
16 36
17 37
18 38
19 40
20 41
21 42
22 43
23 44
24 45
25 47
26 48
27 49
28 56
29 50
30 51
31 52
32 53
33 54
34 55
35 57
36 58
37 59
38 63
NUMBER_OF_TECHNICIANS = 12
3 6
9 7
1 3 4 5 8
5 9 11 12 13
2 1 14 15
11 16
15 18
6 17 20
8 21 22
4 23
10 19 24
7 2 10 25
DAY = 3
NUMBER_OF_TRUCKS = 31
1 78
2 94
3 81
4 87
5 90
6 83
7 68
8 91
9 64
10 65
11 66
12 67
13 69
14 70
15 71
16 72
17 73
18 74
19 75
20 76
21 79
22 77
23 80
24 82
25 84
26 85
27 86
28 88
29 89
30 92
31 93
NUMBER_OF_TECHNICIANS = 15
10 30 61
2 26 29 60
7 33 36
9 41
1 46 39 44
22 27 40 49
17 50 51
4 43 52
8 48 53
6 34 35 62 37 54
15 56 55
12 57
11 38 45 58
26 59
5 32 28 31 42 63
DAY = 4
NUMBER_OF_TRUCKS = 26
1 113
2 115
3 111
4 102
5 96
6 99
7 106
8 104
9 95
10 97
11 98
12 100
13 101
14 103
15 105
16 107
17 108
18 109
19 110
20 112
21 114
22 116
23 117
24 118
25 119
26 120
NUMBER_OF_TECHNICIANS = 14
7 90
2 91
11 64
10 87 67
13 73 74
4 68 65 75
22 79
12 77
3 81 80
6 83 72 82 84
14 71 85
5 78 94 66 89
9 69 70 76 92
17 86 88 93
DAY = 5
NUMBER_OF_TRUCKS = 33
1 148
2 149
3 130
4 122
5 126
6 129
7 128
8 144
9 145
10 136
11 138
12 131
13 146
14 123
15 141
16 137
17 153
18 121
19 124
20 125
21 127
22 132
23 133
24 134
25 135
26 139
27 140
28 142
29 143
30 147
31 150
32 151
33 152
NUMBER_OF_TECHNICIANS = 12
11 96
4 106 97
13 102 98
9 104 103
8 107
17 101 109
22 112
28 116
1 113 115 95 108 117
10 110 118
5 111 99 100 105 119
12 114 120
DAY = 6
NUMBER_OF_TRUCKS = 36
1 161
2 156
3 168
4 170
5 184
6 163
7 177
8 175
9 178
10 160
11 180
12 183
13 185
14 158
15 172
16 187
17 174
18 188
19 162
20 155
21 164
22 167
23 189
24 165
25 154
26 157
27 159
28 166
29 169
30 171
31 173
32 176
33 179
34 181
35 182
36 186
NUMBER_OF_TECHNICIANS = 15
6 126
2 148 128
14 144 145
22 131
21 123
3 121
13 146 127
15 137 132
1 149 129 134
24 135
8 153 125 140
18 141 142 143
28 139 150
4 124 151
7 130 122 138 133 147 152
DAY = 7
NUMBER_OF_TRUCKS = 32
1 199
2 193
3 218
4 209
5 210
6 217
7 191
8 221
9 207
10 216
11 203
12 190
13 202
14 219
15 192
16 200
17 194
18 211
19 205
20 214
21 204
22 195
23 196
24 197
25 198
26 201
27 206
28 208
29 212
30 213
31 215
32 220
NUMBER_OF_TECHNICIANS = 16
15 177
12 187
17 174 188
1 168 155 164
6 183 154
14 157
3 163 165 159
10 166
9 169
7 161 158 172 171
28 162 173
8 189 176
5 170 175 178 160 180 167 179
11 184 181
2 156 185 182
41 186
DAY = 8
NUMBER_OF_TRUCKS = 30
1 239
2 229
3 231
4 240
5 233
6 248
7 227
8 234
9 241
10 236
11 225
12 228
13 224
14 243
15 235
16 246
17 230
18 249
19 238
20 222
21 223
22 226
23 232
24 237
25 242
26 244
27 245
28 247
29 250
30 251
NUMBER_OF_TECHNICIANS = 14
9 217
15 221
17 202
12 211
3 205 214
7 199 191 219 204
8 192 195
1 193 218 209 196
11 190 197 198
28 201
10 216 203 194 206
18 208
13 212 213 215
6 210 207 200 220
DAY = 9
NUMBER_OF_TRUCKS = 28
1 253
2 261
3 265
4 279
5 252
6 262
7 259
8 263
9 269
10 266
11 254
12 257
13 274
14 278
15 276
16 264
17 258
18 277
19 271
20 256
21 270
22 255
23 260
24 275
25 267
26 268
27 272
28 273
NUMBER_OF_TECHNICIANS = 14
22 241
6 240 236
1 239 231 228 224
3 235
45 246
15 230
11 234 249
5 229 238
12 222
9 227 226 232
2 225 237
25 245
13 243 223 247 250
10 233 248 244 251
DAY = 10
NUMBER_OF_TRUCKS = 30
1 295
2 302
3 303
4 285
5 305
6 308
7 309
8 283
9 289
10 284
11 306
12 300
13 288
14 304
15 286
16 301
17 292
18 287
19 298
20 294
21 291
22 297
23 307
24 290
25 282
26 296
27 280
28 281
29 293
30 299
NUMBER_OF_TECHNICIANS = 11
22 269
17 257
18 278
7 261 274 277
21 256
10 265 276 260
5 253 263 266 254 264 270 275
28 267
2 279 259 271 268
9 252 262 255 272
8 258 273
DAY = 11
NUMBER_OF_TRUCKS = 22
1 318
2 310
3 315
4 329
5 322
6 312
7 331
8 313
9 323
10 321
11 330
12 319
13 314
14 326
15 328
16 324
17 316
18 311
19 317
20 320
21 325
22 327
NUMBER_OF_TECHNICIANS = 12
7 302 303
4 284 306
3 288
11 309 300 292
16 287
22 308 304 298
6 285 305 291
28 307
13 286 294 282 296
8 289 301 280
17 283 281
5 295 290 293 299
DAY = 12
NUMBER_OF_TRUCKS = 31
1 334
2 332
3 354
4 356
5 358
6 342
7 360
8 351
9 359
10 337
11 346
12 336
13 338
14 340
15 348
16 339
17 357
18 362
19 349
20 345
21 347
22 341
23 350
24 361
25 333
26 335
27 343
28 344
29 352
30 353
31 355
NUMBER_OF_TECHNICIANS = 10
1 318 322
9 323
17 330
7 315 314
13 312 331 321 326 316
11 313 324 311
2 310 319 328 317
6 329 320
3 325
25 327
DAY = 13
NUMBER_OF_TRUCKS = 40
1 370
2 393
3 364
4 398
5 389
6 376
7 387
8 402
9 385
10 379
11 373
12 392
13 396
14 388
15 399
16 368
17 377
18 367
19 375
20 374
21 386
22 380
23 371
24 363
25 365
26 391
27 383
28 384
29 401
30 397
31 394
32 369
33 372
34 395
35 390
36 366
37 378
38 381
39 382
40 400
NUMBER_OF_TECHNICIANS = 15
2 358
10 334 360
5 332 354 359 346
6 356 337 336
18 349
9 342 345
13 351 362 341
22 350
15 347 361
12 348 333
11 339 357 343
17 338 335 344
8 340 352
14 353
25 355
DAY = 14
NUMBER_OF_TRUCKS = 36
1 437
2 417
3 425
4 407
5 419
6 415
7 418
8 427
9 430
10 421
11 411
12 422
13 413
14 432
15 414
16 428
17 431
18 423
19 434
20 438
21 408
22 416
23 436
24 433
25 424
26 420
27 435
28 412
29 409
30 403
31 404
32 405
33 406
34 410
35 426
36 429
NUMBER_OF_TECHNICIANS = 19
4 385
7 402 379
5 393 398 387 392
22 396
3 399
8 388 386
12 371 365
6 368 375 363 383
1 370 364 401
10 376 373 397
18 380 394
2 389 377 367 391 369
25 372
14 384 395
15 390
28 366
13 374 378 381
21 382
19 400
DAY = 15
NUMBER_OF_TRUCKS = 30
1 455
2 447
3 464
4 450
5 446
6 457
7 440
8 448
9 449
10 439
11 451
12 459
13 468
14 466
15 456
16 458
17 453
18 467
19 463
20 461
21 452
22 443
23 465
24 445
25 441
26 442
27 444
28 462
29 454
30 460
NUMBER_OF_TECHNICIANS = 15
8 421
36 411
25 422
4 431
18 438
1 437 419 428 420
14 435
10 407 433 412
5 417 418 434 409
12 436 403
2 425 432 424 404 405
11 415 414 408 406
9 413 416 410
15 423 426
17 427 430 429
DAY = 16
NUMBER_OF_TRUCKS = 35
1 474
2 497
3 470
4 473
5 498
6 490
7 488
8 484
9 485
10 476
11 479
12 481
13 502
14 472
15 501
16 500
17 482
18 471
19 492
20 499
21 496
22 475
23 483
24 477
25 487
26 489
27 495
28 503
29 469
30 478
31 480
32 486
33 491
34 493
35 494
NUMBER_OF_TECHNICIANS = 12
15 446 457
1 455 440 456
4 458
7 447 448 453 467
17 463
13 451 459 461
22 443
6 464 449 465
11 466 445
9 450 442
8 439 452 441 454
10 468 444 462 460
DAY = 17
NUMBER_OF_TRUCKS = 34
1 532
2 509
3 504
4 534
5 521
6 522
7 536
8 518
9 531
10 516
11 530
12 529
13 515
14 535
15 505
16 524
17 520
18 506
19 525
20 523
21 537
22 511
23 527
24 528
25 519
26 533
27 510
28 507
29 517
30 512
31 526
32 508
33 513
34 514
NUMBER_OF_TECHNICIANS = 13
6 470 484
9 481
2 474 498 471
5 473 485 500 475
11 501 492 499 496 487
7 490 488 476 489
22 503
28 469
13 502 472 480
26 486
21 491
1 497 479 482 483 495 493
18 477 478 494
DAY = 18
NUMBER_OF_TRUCKS = 33
1 554
2 563
3 562
4 568
5 553
6 564
7 538
8 546
9 565
10 561
11 557
12 552
13 539
14 542
15 560
16 541
17 548
18 540
19 555
20 545
21 558
22 543
23 566
24 570
25 547
26 550
27 569
28 544
29 549
30 551
31 567
32 556
33 559
NUMBER_OF_TECHNICIANS = 15
10 530
6 521 522 536 515
2 509 529 520
7 532 531 535 525
17 523
22 537
11 505 524 511 528
5 504 534 518 516 506 533
9 527 510
4 519 517
13 512
12 526
14 508
8 507 513
18 514
DAY = 19
NUMBER_OF_TRUCKS = 30
1 576
2 597
3 600
4 584
5 593
6 591
7 595
8 587
9 592
10 582
11 580
12 596
13 588
14 589
15 590
16 585
17 573
18 574
19 581
20 575
21 598
22 579
23 571
24 572
25 583
26 594
27 577
28 599
29 586
30 578
NUMBER_OF_TECHNICIANS = 14
7 562 564 538
10 546 565
5 563 541 548
15 555
8 540 558 543
11 561 566
4 542 547
12 550
17 539 569
2 552 570 549
1 554 553 557 560 545 551
22 567
13 556
6 568 544 559
DAY = 20
NUMBER_OF_TRUCKS = 0
NUMBER_OF_TECHNICIANS = 13
5 584 591 587 588
6 597 582 596 589
9 590
22 581
4 593 598
10 573 579
1 576 600 571
2 595 580 572
7 574 575 583
17 594
12 577
13 592 585 599
8 586 578
