DATASET = ORTEC Early VeRoLog 2019 - easy
NAME = Instance9easy
TRUCK_DISTANCE = 204728
NUMBER_OF_TRUCK_DAYS = 450
NUMBER_OF_TRUCKS_USED = 18
TECHNICIAN_DISTANCE = 121464
NUMBER_OF_TECHNICIAN_DAYS = 303
NUMBER_OF_TECHNICIANS_USED = 32
IDLE_MACHINE_COSTS = 0
TOTAL_COST = 125706580
DAY = 1
NUMBER_OF_TRUCKS = 8
1 1
2 2
3 3
4 4
5 5
6 6
7 7
8 8
NUMBER_OF_TECHNICIANS = 0
DAY = 2
NUMBER_OF_TRUCKS = 14
1 11
2 9
3 10
4 12
5 13
6 16
7 14
8 15
9 17
10 18
11 19
12 20
13 21
14 22
NUMBER_OF_TECHNICIANS = 5
1 1
2 2 3 4
4 6
11 7
5 5 8
DAY = 3
NUMBER_OF_TRUCKS = 12
1 23
2 24
3 25
4 26
5 27
6 28
7 29
8 30
9 31
10 32
11 33
12 34
NUMBER_OF_TECHNICIANS = 10
1 10
2 11 12
9 13
20 14
5 9 15
3 18
4 16 17 19
15 20
10 21
8 22
DAY = 4
NUMBER_OF_TRUCKS = 7
1 35
2 36
3 37
4 38
5 39
6 40
7 41
NUMBER_OF_TECHNICIANS = 8
9 24
2 23 25 26
6 27
1 28 29
4 30
3 31 32
16 33
26 34
DAY = 5
NUMBER_OF_TRUCKS = 9
1 48
2 49
3 42
4 43
5 44
6 45
7 46
8 47
9 50
NUMBER_OF_TECHNICIANS = 5
2 35 36 37
1 38
3 39
21 40
13 41
DAY = 6
NUMBER_OF_TRUCKS = 10
1 59
2 56
3 54
4 58
5 51
6 52
7 53
8 55
9 57
10 60
NUMBER_OF_TECHNICIANS = 7
1 49
9 42
5 43
3 44
13 46
11 47
6 48 45 50
DAY = 7
NUMBER_OF_TRUCKS = 14
1 73
2 61
3 72
4 66
5 71
6 62
7 63
8 64
9 65
10 67
11 68
12 69
13 70
14 74
NUMBER_OF_TECHNICIANS = 9
6 56
21 54
8 58
2 59 51
5 52
4 53
9 55
12 57
25 60
DAY = 8
NUMBER_OF_TRUCKS = 10
1 84
2 79
3 83
4 80
5 75
6 81
7 76
8 77
9 78
10 82
NUMBER_OF_TECHNICIANS = 7
2 73 61 72 71
6 63
3 64
11 65
50 67
21 69
5 66 62 68 70 74
DAY = 9
NUMBER_OF_TRUCKS = 8
1 88
2 90
3 85
4 86
5 87
6 89
7 91
8 92
NUMBER_OF_TECHNICIANS = 5
5 84
1 80 75 81 76
15 77
6 78
2 79 83 82
DAY = 10
NUMBER_OF_TRUCKS = 8
1 95
2 93
3 94
4 96
5 100
6 97
7 98
8 99
NUMBER_OF_TECHNICIANS = 6
9 88
3 90 86
16 85 87
13 89
80 91
6 92
DAY = 11
NUMBER_OF_TRUCKS = 14
1 105
2 109
3 104
4 108
5 106
6 101
7 102
8 103
9 107
10 110
11 111
12 112
13 113
14 114
NUMBER_OF_TECHNICIANS = 6
5 94
4 96
2 95 93 100
3 97
8 98
26 99
DAY = 12
NUMBER_OF_TRUCKS = 14
1 122
2 115
3 123
4 119
5 120
6 125
7 128
8 121
9 117
10 116
11 118
12 124
13 126
14 127
NUMBER_OF_TECHNICIANS = 9
4 109
15 101
2 108 106 102
20 103
3 107
1 105 110
8 111
5 104 112
11 113 114
DAY = 13
NUMBER_OF_TRUCKS = 12
1 139
2 140
3 137
4 130
5 129
6 133
7 138
8 131
9 135
10 132
11 134
12 136
NUMBER_OF_TECHNICIANS = 9
2 122 115 119
4 120
11 125
70 121
14 117
20 116
21 124
6 128 118 126
1 123 127
DAY = 14
NUMBER_OF_TRUCKS = 11
1 150
2 151
3 142
4 144
5 141
6 147
7 148
8 143
9 145
10 146
11 149
NUMBER_OF_TECHNICIANS = 9
2 139
4 140
5 137 130
1 129
25 131
3 133 135
9 138 132
21 134
16 136
DAY = 15
NUMBER_OF_TRUCKS = 13
1 152
2 160
3 159
4 157
5 164
6 153
7 154
8 155
9 156
10 158
11 161
12 162
13 163
NUMBER_OF_TECHNICIANS = 9
4 150
1 151
9 142
3 141 147
6 148
16 143
20 145
13 146
5 144 149
DAY = 16
NUMBER_OF_TRUCKS = 10
1 171
2 170
3 168
4 166
5 169
6 173
7 165
8 174
9 167
10 172
NUMBER_OF_TECHNICIANS = 8
6 157
20 153
54 155
9 152 156
21 158
26 161
5 162
2 160 159 164 154 163
DAY = 17
NUMBER_OF_TRUCKS = 10
1 176
2 183
3 182
4 184
5 180
6 177
7 175
8 178
9 179
10 181
NUMBER_OF_TECHNICIANS = 7
27 168
5 166
1 169
16 165
6 171 174
2 170 167
3 173 172
DAY = 18
NUMBER_OF_TRUCKS = 16
1 185
2 191
3 188
4 199
5 189
6 194
7 192
8 186
9 190
10 195
11 187
12 196
13 200
14 193
15 197
16 198
NUMBER_OF_TECHNICIANS = 8
4 176
21 184
13 180
20 177
2 183 182 175
11 178
9 179
22 181
DAY = 19
NUMBER_OF_TRUCKS = 15
1 211
2 209
3 204
4 210
5 203
6 215
7 214
8 207
9 212
10 205
11 206
12 202
13 201
14 208
15 213
NUMBER_OF_TECHNICIANS = 10
13 192
1 199 186
16 190
5 185 195
12 187
9 191 196
2 188 189 200
20 193
3 194 197
15 198
DAY = 20
NUMBER_OF_TRUCKS = 18
1 224
2 223
3 226
4 233
5 216
6 227
7 220
8 218
9 228
10 232
11 217
12 230
13 229
14 219
15 221
16 231
17 222
18 225
NUMBER_OF_TECHNICIANS = 7
5 211
21 203
2 209 204 214
3 210 207
6 206
4 201 208
1 215 212 205 202 213
DAY = 21
NUMBER_OF_TRUCKS = 10
1 235
2 239
3 236
4 241
5 240
6 238
7 237
8 234
9 242
10 243
NUMBER_OF_TECHNICIANS = 13
5 224
22 226
3 216
9 223 227
21 228
6 217
13 230
1 218 229
16 219
20 232 221
25 233 220 231
46 222
15 225
DAY = 22
NUMBER_OF_TRUCKS = 6
1 247
2 246
3 249
4 245
5 248
6 244
NUMBER_OF_TECHNICIANS = 7
1 239
13 241
3 235 240
20 236 238
9 237
6 234 242
37 243
DAY = 23
NUMBER_OF_TRUCKS = 10
1 257
2 254
3 252
4 255
5 258
6 250
7 259
8 256
9 251
10 253
NUMBER_OF_TECHNICIANS = 4
2 247 249
1 245
5 246 248
6 244
DAY = 24
NUMBER_OF_TRUCKS = 12
1 265
2 260
3 267
4 266
5 271
6 269
7 270
8 268
9 263
10 261
11 262
12 264
NUMBER_OF_TECHNICIANS = 7
6 252
21 255
9 258
8 259
2 254 250 256
4 257 251
16 253
DAY = 25
NUMBER_OF_TRUCKS = 13
1 273
2 274
3 282
4 276
5 278
6 280
7 277
8 281
9 284
10 283
11 272
12 275
13 279
NUMBER_OF_TECHNICIANS = 8
21 267
2 265 260 269
57 270
11 268
20 266 263
5 271 261
7 262
54 264
DAY = 26
NUMBER_OF_TRUCKS = 14
1 298
2 287
3 293
4 286
5 285
6 295
7 294
8 288
9 290
10 296
11 289
12 291
13 292
14 297
NUMBER_OF_TECHNICIANS = 8
1 282 276 278
37 280
3 277
2 273 274 281
20 284
21 283 272
16 275
32 279
DAY = 27
NUMBER_OF_TRUCKS = 15
1 312
2 304
3 309
4 306
5 313
6 303
7 307
8 302
9 311
10 308
11 310
12 301
13 299
14 300
15 305
NUMBER_OF_TECHNICIANS = 9
1 298
8 285
12 295
13 294 288
14 290
3 293 286 296
26 289
6 291 292
9 287 297
DAY = 28
NUMBER_OF_TRUCKS = 11
1 322
2 324
3 323
4 319
5 318
6 320
7 317
8 316
9 321
10 314
11 315
NUMBER_OF_TECHNICIANS = 10
5 312
9 304
6 309
4 306 313
20 307
12 311
16 302 308 310
25 301
50 300
3 303 299 305
DAY = 29
NUMBER_OF_TRUCKS = 14
1 326
2 329
3 338
4 334
5 336
6 331
7 325
8 327
9 330
10 337
11 335
12 328
13 332
14 333
NUMBER_OF_TECHNICIANS = 6
5 323
6 318
2 322 320 316
1 324 319 321
21 314
16 317 315
DAY = 30
NUMBER_OF_TRUCKS = 18
1 340
2 345
3 346
4 342
5 353
6 347
7 339
8 350
9 348
10 349
11 354
12 341
13 355
14 352
15 343
16 344
17 351
18 356
NUMBER_OF_TECHNICIANS = 8
1 326 331
5 325
2 329 338 334 336 327
12 330
21 335
11 328
25 332
3 337 333
DAY = 31
NUMBER_OF_TRUCKS = 14
1 366
2 370
3 368
4 357
5 359
6 361
7 369
8 367
9 364
10 362
11 363
12 358
13 365
14 360
NUMBER_OF_TECHNICIANS = 11
37 342
21 350
5 347 339 348
26 354
20 341
2 340 345 349 355
16 352
50 343
9 346 344
25 353 351
15 356
DAY = 32
NUMBER_OF_TRUCKS = 10
1 376
2 374
3 377
4 375
5 380
6 373
7 371
8 379
9 378
10 372
NUMBER_OF_TECHNICIANS = 9
4 359
15 369
1 368 367
8 364
2 366 370 357 362
6 361 363
13 358
16 365
19 360
DAY = 33
NUMBER_OF_TRUCKS = 6
1 382
2 381
3 385
4 386
5 383
6 384
NUMBER_OF_TECHNICIANS = 7
2 376 374 377
6 380
9 373
25 371
3 379
1 375 378
22 372
DAY = 34
NUMBER_OF_TRUCKS = 14
1 392
2 394
3 390
4 389
5 397
6 396
7 399
8 388
9 400
10 387
11 398
12 391
13 393
14 395
NUMBER_OF_TECHNICIANS = 6
4 382
9 381
5 385
1 386
22 383
3 384
DAY = 35
NUMBER_OF_TRUCKS = 12
1 410
2 412
3 402
4 409
5 408
6 403
7 406
8 404
9 407
10 401
11 405
12 411
NUMBER_OF_TECHNICIANS = 11
5 394 389
13 397
3 390 396
12 399
21 388
1 392 400
25 387
9 398
54 391
26 393
23 395
DAY = 36
NUMBER_OF_TRUCKS = 11
1 413
2 422
3 415
4 414
5 420
6 418
7 423
8 421
9 417
10 419
11 416
NUMBER_OF_TECHNICIANS = 8
37 409
6 403
5 412 408 406
20 404
3 407
2 410 402 401
11 405
14 411
DAY = 37
NUMBER_OF_TRUCKS = 8
1 430
2 424
3 427
4 428
5 425
6 426
7 431
8 429
NUMBER_OF_TECHNICIANS = 8
6 413
22 422
4 414
9 420
5 418
2 415 423 421 417
3 419
27 416
DAY = 38
NUMBER_OF_TRUCKS = 9
1 437
2 432
3 439
4 438
5 434
6 440
7 433
8 436
9 435
NUMBER_OF_TECHNICIANS = 6
13 430 424
26 428
2 427 425
1 426
9 431
4 429
DAY = 39
NUMBER_OF_TRUCKS = 10
1 441
2 447
3 448
4 443
5 449
6 445
7 446
8 450
9 442
10 444
NUMBER_OF_TECHNICIANS = 5
21 432
2 437 434 440
1 433
12 436
5 439 438 435
DAY = 40
NUMBER_OF_TRUCKS = 0
NUMBER_OF_TECHNICIANS = 8
2 441 447
1 448
5 443
9 449
20 445 446
26 450
22 442
21 444
