DATASET = ORTEC Early VeRoLog 2019 - easy
NAME = Instance23easy
TRUCK_DISTANCE = 684628
NUMBER_OF_TRUCK_DAYS = 750
NUMBER_OF_TRUCKS_USED = 35
TECHNICIAN_DISTANCE = 197378
NUMBER_OF_TECHNICIAN_DAYS = 432
NUMBER_OF_TECHNICIANS_USED = 34
IDLE_MACHINE_COSTS = 0
TOTAL_COST = 130554060
DAY = 1
NUMBER_OF_TRUCKS = 24
1 1
2 2
3 3
4 4
5 15
6 5
7 6
8 7
9 8
10 19
11 9
12 10
13 11
14 12
15 13
16 14
17 16
18 17
19 18
20 20
21 21
22 22
23 23
24 24
NUMBER_OF_TECHNICIANS = 0
DAY = 2
NUMBER_OF_TRUCKS = 32
1 44
2 34
3 25
4 26
5 27
6 49
7 28
8 29
9 30
10 31
11 32
12 33
13 35
14 36
15 37
16 38
17 39
18 40
19 41
20 42
21 43
22 45
23 46
24 47
25 48
26 50
27 51
28 52
29 53
30 54
31 55
32 56
NUMBER_OF_TECHNICIANS = 16
37 1
25 3
18 6
7 7
17 8 19
14 10
3 11
11 15 13
4 4 14
8 9 16
29 17
2 18 20
9 21
13 22
10 2 5 23
35 12 24
DAY = 3
NUMBER_OF_TRUCKS = 22
1 67
2 72
3 57
4 58
5 59
6 60
7 61
8 75
9 62
10 63
11 64
12 65
13 66
14 68
15 69
16 70
17 71
18 73
19 74
20 76
21 77
22 78
NUMBER_OF_TECHNICIANS = 18
2 26
37 27
3 49
11 25 31
57 32
7 35
5 29 33 36 38
6 40
19 41
18 42 47
20 48
12 46 50
38 43 51
10 28 45 52
8 34 30 39 53
28 54
4 44 55
9 37 56
DAY = 4
NUMBER_OF_TRUCKS = 21
1 96
2 92
3 79
4 80
5 81
6 82
7 83
8 84
9 85
10 86
11 87
12 88
13 89
14 90
15 91
16 93
17 94
18 95
19 97
20 98
21 99
NUMBER_OF_TECHNICIANS = 11
11 72 60
13 62
2 75 63
4 57 58 65
7 66
37 67 70
18 59 64 71
8 69 73 74
5 61 68 76
22 77
10 78
DAY = 5
NUMBER_OF_TRUCKS = 17
1 114
2 116
3 102
4 103
5 100
6 101
7 104
8 105
9 106
10 107
11 108
12 109
13 110
14 111
15 112
16 113
17 115
NUMBER_OF_TECHNICIANS = 13
4 96
9 79 80
11 82
22 85
5 92 86
18 87 88
37 89
2 84 90
7 81 83 93
26 94
3 95
8 91 97
10 98 99
DAY = 6
NUMBER_OF_TRUCKS = 24
1 127
2 135
3 117
4 138
5 119
6 132
7 130
8 133
9 140
10 118
11 120
12 121
13 122
14 123
15 124
16 125
17 126
18 128
19 129
20 131
21 134
22 136
23 137
24 139
NUMBER_OF_TECHNICIANS = 12
2 114 116
4 103
9 101
37 104
20 107
18 108
26 109
10 110
5 102 105 111
8 106 112
28 113
11 100 115
DAY = 7
NUMBER_OF_TRUCKS = 27
1 157
2 154
3 160
4 151
5 164
6 158
7 152
8 159
9 162
10 145
11 147
12 156
13 161
14 148
15 149
16 141
17 142
18 143
19 144
20 146
21 150
22 153
23 155
24 163
25 165
26 166
27 167
NUMBER_OF_TECHNICIANS = 13
3 135
8 138
13 119 132 120
7 117 121
18 133 122
9 123
10 124
4 118 125
11 129
12 128 131
2 127 130 134
25 136
5 140 126 137 139
DAY = 8
NUMBER_OF_TRUCKS = 32
1 193
2 173
3 192
4 182
5 180
6 178
7 195
8 198
9 177
10 190
11 170
12 197
13 181
14 183
15 171
16 188
17 169
18 168
19 172
20 174
21 175
22 176
23 179
24 186
25 184
26 187
27 185
28 189
29 191
30 194
31 196
32 199
NUMBER_OF_TECHNICIANS = 15
3 160
17 158
8 164 145
10 161
2 157 162 148
29 142
5 149 141 143
11 147 156 144
18 146
20 153
4 154 151 155
9 150 163
13 165
14 166
7 152 159 167
DAY = 9
NUMBER_OF_TRUCKS = 22
1 203
2 212
3 215
4 211
5 207
6 201
7 213
8 210
9 219
10 202
11 217
12 221
13 220
14 200
15 208
16 216
17 218
18 204
19 205
20 206
21 209
22 214
NUMBER_OF_TECHNICIANS = 17
18 198
38 177
8 197
17 181
2 192 170 188 169
10 195 168
37 183 172
7 180 171 174
12 179
13 186
20 187
11 182 176 184 185
5 193 190 175 189
6 191
4 173 178 194
9 196
39 199
DAY = 10
NUMBER_OF_TRUCKS = 35
1 225
2 246
3 256
4 228
5 255
6 239
7 232
8 227
9 222
10 244
11 229
12 243
13 238
14 247
15 252
16 250
17 230
18 233
19 249
20 235
21 237
22 226
23 223
24 224
25 231
26 234
27 236
28 240
29 241
30 242
31 245
32 248
33 251
34 253
35 254
NUMBER_OF_TECHNICIANS = 13
17 203
37 207
20 202
10 210 217
9 221
11 220
4 212 215 208
7 200 216
8 211 201 213 219 218
3 205
2 206
5 204 209
18 214
DAY = 11
NUMBER_OF_TRUCKS = 24
1 257
2 266
3 280
4 269
5 265
6 279
7 272
8 262
9 267
10 264
11 278
12 277
13 276
14 258
15 259
16 260
17 261
18 263
19 268
20 270
21 271
22 273
23 274
24 275
NUMBER_OF_TECHNICIANS = 17
17 256
2 228 239
26 222
10 244
18 225 227 252
37 229 230
57 226
9 235 223
3 237 231
7 238 234
13 247 236
4 243 250 241
20 242
5 255 232 233 249 245
11 248 251
6 224 240 253
8 246 254
DAY = 12
NUMBER_OF_TRUCKS = 24
1 303
2 298
3 281
4 285
5 288
6 286
7 294
8 289
9 297
10 284
11 299
12 290
13 296
14 302
15 293
16 282
17 283
18 287
19 291
20 292
21 295
22 300
23 301
24 304
NUMBER_OF_TECHNICIANS = 11
37 265 279
8 266 280 267
5 262 264
9 278
4 257 260
11 277 259 263
10 276 258 261 268
6 270
19 271
14 274
2 269 272 273 275
DAY = 13
NUMBER_OF_TRUCKS = 26
1 310
2 320
3 324
4 327
5 322
6 315
7 321
8 308
9 319
10 318
11 307
12 330
13 325
14 311
15 312
16 316
17 305
18 328
19 306
20 309
21 313
22 314
23 317
24 323
25 326
26 329
NUMBER_OF_TECHNICIANS = 13
8 281 289
9 297
3 290
2 284 296
10 288 302
7 286 282
18 298 294 293 287
5 291
11 299 292
4 303 283 295
17 300
183 285 301
37 304
DAY = 14
NUMBER_OF_TRUCKS = 31
1 331
2 356
3 357
4 336
5 350
6 344
7 347
8 352
9 351
10 333
11 343
12 360
13 354
14 342
15 338
16 345
17 340
18 361
19 346
20 339
21 359
22 332
23 335
24 348
25 341
26 334
27 337
28 349
29 353
30 355
31 358
NUMBER_OF_TECHNICIANS = 16
2 324 322
38 308
35 315 319
11 307
9 330
56 325
5 320 311 312
7 328
18 318 306
13 309
8 327 313
10 321 314
14 317
4 316 305 323
27 326
37 310 329
DAY = 15
NUMBER_OF_TRUCKS = 25
1 379
2 381
3 382
4 364
5 375
6 373
7 386
8 369
9 368
10 363
11 365
12 378
13 362
14 384
15 385
16 371
17 383
18 377
19 370
20 372
21 374
22 376
23 380
24 367
25 366
NUMBER_OF_TECHNICIANS = 16
12 344
4 347
11 352
8 336 351 333
3 331 354
13 360 340
10 343 361 332
7 356 335
37 348
5 345 346 339 359 341
28 334
18 342 337
2 357 350 349
25 353
20 355
9 338 358
DAY = 16
NUMBER_OF_TRUCKS = 29
1 388
2 392
3 408
4 387
5 400
6 390
7 398
8 409
9 412
10 415
11 407
12 404
13 399
14 393
15 411
16 389
17 401
18 397
19 405
20 395
21 413
22 396
23 403
24 406
25 410
26 414
27 394
28 391
29 402
NUMBER_OF_TECHNICIANS = 13
2 382 364
38 373
7 368
5 369 365
8 381 362 384
9 371
6 383
10 379 377
11 385 370 372
29 376
18 375 363 374 380
3 367
4 386 378 366
DAY = 17
NUMBER_OF_TRUCKS = 23
1 432
2 423
3 420
4 438
5 417
6 429
7 430
8 426
9 437
10 422
11 418
12 434
13 436
14 425
15 431
16 421
17 416
18 419
19 424
20 427
21 428
22 433
23 435
NUMBER_OF_TECHNICIANS = 18
18 387
7 390
26 409
4 412 415
37 392 400 404
2 388 399
8 393
35 389
10 401
5 398 407 411 397
9 395
11 396
15 403
6 405 406 410
13 414
45 394
3 408 391
20 413 402
DAY = 18
NUMBER_OF_TRUCKS = 22
1 457
2 451
3 447
4 455
5 456
6 454
7 449
8 460
9 440
10 443
11 445
12 459
13 446
14 444
15 441
16 448
17 439
18 442
19 450
20 452
21 453
22 458
NUMBER_OF_TECHNICIANS = 17
1 423
18 420
9 438
37 417
4 430
27 437
8 432 422
20 418
10 436
7 426 425
3 431
28 421
11 434 416
29 424
2 429 419 427 428
14 433
13 435
DAY = 19
NUMBER_OF_TRUCKS = 26
1 469
2 477
3 479
4 472
5 486
6 480
7 462
8 463
9 468
10 474
11 473
12 476
13 467
14 461
15 483
16 465
17 464
18 478
19 481
20 471
21 482
22 470
23 466
24 475
25 484
26 485
NUMBER_OF_TECHNICIANS = 15
7 447
2 455
8 456
4 451 454 460
14 440
13 445
5 449 459
22 446
6 444 441
37 448
3 439
18 442
86 452
10 450 453
9 457 443 458
DAY = 20
NUMBER_OF_TRUCKS = 29
1 496
2 500
3 494
4 508
5 488
6 506
7 495
8 510
9 502
10 504
11 515
12 507
13 499
14 501
15 487
16 505
17 512
18 489
19 509
20 513
21 511
22 493
23 514
24 503
25 490
26 491
27 492
28 497
29 498
NUMBER_OF_TECHNICIANS = 14
3 469
18 479
17 472
27 473 476
5 463 474 461 483
10 467 465
8 486 464
29 478
7 468 481
4 480 462 482
28 470
6 466 475
2 477 484
13 471 485
DAY = 21
NUMBER_OF_TRUCKS = 23
1 534
2 537
3 538
4 517
5 535
6 529
7 536
8 520
9 532
10 527
11 530
12 516
13 531
14 533
15 526
16 518
17 525
18 523
19 521
20 522
21 528
22 519
23 524
NUMBER_OF_TECHNICIANS = 21
2 496
18 508
8 506
3 502
37 500 515
4 494 507
13 499 501
9 487
35 495 505
28 512
5 504 489
10 488 510 509
26 513
14 511
27 514
17 503
29 490
22 491
12 492
25 493 497
11 498
DAY = 22
NUMBER_OF_TRUCKS = 33
1 547
2 562
3 564
4 569
5 540
6 567
7 539
8 541
9 549
10 559
11 552
12 565
13 566
14 568
15 551
16 550
17 543
18 542
19 544
20 570
21 553
22 563
23 561
24 556
25 560
26 554
27 558
28 555
29 557
30 545
31 571
32 546
33 548
NUMBER_OF_TECHNICIANS = 13
8 517
29 520
7 532
1 530
20 529 531
11 538 527 526
4 537 525
14 523
13 521
5 535 516 518 522
10 533 528
2 534 519
9 536 524
DAY = 23
NUMBER_OF_TRUCKS = 27
1 589
2 578
3 591
4 573
5 575
6 590
7 581
8 582
9 577
10 574
11 597
12 584
13 588
14 587
15 598
16 579
17 595
18 593
19 580
20 585
21 583
22 572
23 576
24 586
25 592
26 594
27 596
NUMBER_OF_TECHNICIANS = 18
5 569
4 564 540
2 549 565
13 562 541 566 568
14 551
20 550
1 543
10 539 542
25 553
6 570 563
15 561
8 567 559 560
7 547 552 558
11 544 554 555
17 556 557
37 545
18 571 546
26 548
DAY = 24
NUMBER_OF_TRUCKS = 28
1 608
2 615
3 614
4 623
5 602
6 619
7 604
8 601
9 603
10 611
11 606
12 620
13 626
14 609
15 622
16 599
17 624
18 605
19 607
20 610
21 616
22 621
23 613
24 600
25 618
26 625
27 612
28 617
NUMBER_OF_TECHNICIANS = 16
7 578
35 591
2 575 590
6 582
17 574
5 577 598
37 579
4 589 593
18 588 595 580
20 585
28 572
8 573 587 576
13 586
11 597 584 592
12 594
10 581 583 596
DAY = 25
NUMBER_OF_TRUCKS = 25
1 629
2 646
3 643
4 638
5 639
6 636
7 649
8 641
9 633
10 645
11 642
12 648
13 634
14 635
15 644
16 637
17 627
18 651
19 647
20 632
21 631
22 628
23 630
24 640
25 650
NUMBER_OF_TECHNICIANS = 12
12 619
3 615 611
2 614 606
7 608 620
8 602 604 610
11 624 607 616
4 601 621
5 609 605 613
37 623 600
18 599 625
10 603 626 622 612
6 618 617
DAY = 26
NUMBER_OF_TRUCKS = 20
1 664
2 654
3 671
4 661
5 653
6 665
7 655
8 670
9 668
10 652
11 667
12 662
13 660
14 658
15 659
16 666
17 657
18 656
19 663
20 669
NUMBER_OF_TECHNICIANS = 11
8 639 649
37 642
4 633 634 635
7 644
1 637
10 643 636 645 651
2 646 641 627 647
11 632 628
29 630
5 648 631 640
18 629 638 650
DAY = 27
NUMBER_OF_TRUCKS = 34
1 695
2 677
3 698
4 690
5 702
6 693
7 691
8 689
9 688
10 700
11 692
12 697
13 685
14 686
15 683
16 682
17 680
18 687
19 703
20 704
21 681
22 676
23 672
24 684
25 674
26 699
27 701
28 696
29 673
30 694
31 675
32 678
33 679
34 705
NUMBER_OF_TECHNICIANS = 13
17 664
3 665
5 653 655
22 670
2 654 652
4 661 667 662
45 660
6 658
10 671 666
9 657
1 656
8 668 663
18 659 669
DAY = 28
NUMBER_OF_TRUCKS = 22
1 720
2 707
3 712
4 713
5 716
6 710
7 709
8 719
9 718
10 726
11 724
12 717
13 723
14 706
15 708
16 727
17 711
18 721
19 725
20 714
21 715
22 722
NUMBER_OF_TECHNICIANS = 23
8 702
5 690 693 691
4 677 689
3 697
14 686
18 683
12 680
7 687
10 692 685 703
2 695 682 704
6 700 681
27 676
11 672
13 688 684
29 674
86 699
19 701
20 673
9 694
25 675
17 696 678
56 679
37 698 705
DAY = 29
NUMBER_OF_TRUCKS = 23
1 745
2 746
3 741
4 737
5 747
6 740
7 733
8 744
9 736
10 748
11 735
12 734
13 730
14 728
15 731
16 732
17 729
18 743
19 738
20 742
21 749
22 750
23 739
NUMBER_OF_TECHNICIANS = 13
7 713
37 720 707 716
2 712 719
3 718
6 726
10 724
18 717
8 710 723
4 709 708
11 727 711
15 714
5 706 715
13 721 725 722
DAY = 30
NUMBER_OF_TRUCKS = 0
NUMBER_OF_TECHNICIANS = 14
38 746
12 747
7 748
2 745 741 735
10 734
37 737 728
13 731
4 733 736 732
18 730 729
14 743
5 744 742
11 738 749
9 750
8 740 739
