DATASET = ORTEC Early VeRoLog 2019
NAME = Instance2
TRUCK_DISTANCE = 204766
NUMBER_OF_TRUCK_DAYS = 300
NUMBER_OF_TRUCKS_USED = 22
TECHNICIAN_DISTANCE = 73749
NUMBER_OF_TECHNICIAN_DAYS = 163
NUMBER_OF_TECHNICIANS_USED = 25
IDLE_MACHINE_COSTS = 0
TOTAL_COST = 20485909600
DAY = 1
NUMBER_OF_TRUCKS = 15
1 1
2 2
3 3
4 4
5 5
6 6
7 7
8 8
9 9
10 10
11 11
12 12
13 13
14 14
15 15
NUMBER_OF_TECHNICIANS = 0
DAY = 2
NUMBER_OF_TRUCKS = 18
1 24
2 23
3 31
4 29
5 16
6 19
7 17
8 18
9 20
10 21
11 22
12 25
13 26
14 28
15 27
16 30
17 32
18 33
NUMBER_OF_TECHNICIANS = 9
2 2 3
9 4 5
4 7
1 1 10
13 11
7 8 12
3 9 13
16 14
6 6 15
DAY = 3
NUMBER_OF_TRUCKS = 20
1 38
2 35
3 52
4 47
5 53
6 44
7 34
8 36
9 37
10 39
11 40
12 41
13 42
14 43
15 45
16 46
17 48
18 49
19 50
20 51
NUMBER_OF_TECHNICIANS = 11
1 24
3 29
8 19
30 17
4 18
17 21
2 23 31 16 25
9 20 26 28
6 22 27
13 30
16 32 33
DAY = 4
NUMBER_OF_TRUCKS = 11
1 55
2 58
3 60
4 61
5 54
6 59
7 56
8 57
9 62
10 63
11 64
NUMBER_OF_TECHNICIANS = 9
3 44 36
13 53 39
1 38 52 41 42
16 43
6 35 34 37 46
17 48
9 40 49
31 50
8 47 45 51
DAY = 5
NUMBER_OF_TRUCKS = 16
1 80
2 71
3 79
4 77
5 72
6 69
7 65
8 66
9 67
10 68
11 70
12 73
13 74
14 75
15 76
16 78
NUMBER_OF_TECHNICIANS = 6
6 55
2 58 61 54 59
11 57
8 62
3 63
13 60 56 64
DAY = 6
NUMBER_OF_TRUCKS = 20
1 84
2 93
3 99
4 87
5 94
6 96
7 95
8 81
9 100
10 92
11 82
12 91
13 83
14 88
15 85
16 89
17 86
18 90
19 97
20 98
NUMBER_OF_TECHNICIANS = 10
34 79
8 77
1 71 72
11 69
7 66
2 80 65 67 68
16 70 73
6 74
30 75
9 76 78
DAY = 7
NUMBER_OF_TRUCKS = 17
1 103
2 107
3 109
4 104
5 102
6 117
7 101
8 112
9 116
10 115
11 114
12 105
13 106
14 108
15 110
16 111
17 113
NUMBER_OF_TECHNICIANS = 10
2 84 99 95
1 87 94 92
3 100 82
9 81 91
17 85
38 89
16 83 88 86
23 90
4 97
7 93 96 98
DAY = 8
NUMBER_OF_TRUCKS = 11
1 124
2 118
3 123
4 120
5 125
6 122
7 121
8 126
9 127
10 119
11 128
NUMBER_OF_TECHNICIANS = 7
34 102
1 109 101 112
2 107 117 116
7 103 114 108
3 105 110
13 115 111
9 104 106 113
DAY = 9
NUMBER_OF_TRUCKS = 13
1 138
2 137
3 133
4 132
5 136
6 135
7 129
8 130
9 131
10 134
11 139
12 140
13 141
NUMBER_OF_TECHNICIANS = 7
9 118
16 120
3 125
4 121 126
8 123 127
13 122 119
6 124 128
DAY = 10
NUMBER_OF_TRUCKS = 10
1 147
2 149
3 146
4 143
5 148
6 150
7 142
8 144
9 145
10 151
NUMBER_OF_TECHNICIANS = 7
9 132
13 135
7 131
8 134
6 139
2 138 133 130 140
1 137 136 129 141
DAY = 11
NUMBER_OF_TRUCKS = 21
1 171
2 168
3 154
4 169
5 172
6 152
7 155
8 153
9 161
10 156
11 163
12 165
13 166
14 157
15 160
16 167
17 170
18 158
19 159
20 162
21 164
NUMBER_OF_TECHNICIANS = 8
1 147
3 143
11 148
2 149 146 150
30 142
4 144
16 145
8 151
DAY = 12
NUMBER_OF_TRUCKS = 14
1 179
2 185
3 174
4 175
5 184
6 178
7 182
8 183
9 181
10 173
11 176
12 177
13 180
14 186
NUMBER_OF_TECHNICIANS = 11
1 168 172
2 171 154 169 155
3 152 153 161
40 156
18 163
7 157 160
16 166 167 170
5 158
12 159
4 165 162
6 164
DAY = 13
NUMBER_OF_TRUCKS = 22
1 192
2 187
3 202
4 201
5 200
6 196
7 194
8 206
9 204
10 203
11 198
12 207
13 191
14 205
15 208
16 189
17 190
18 188
19 193
20 195
21 197
22 199
NUMBER_OF_TECHNICIANS = 9
2 179 185 184
6 178
16 182
30 183
9 174 181
7 175 173
36 177
4 180
8 176 186
DAY = 14
NUMBER_OF_TRUCKS = 12
1 220
2 213
3 212
4 216
5 218
6 219
7 215
8 209
9 210
10 214
11 211
12 217
NUMBER_OF_TECHNICIANS = 12
1 192
7 204
3 194 206 203
9 187 201 200 196 198
4 207
30 208
10 189
8 202 190
13 191 188
23 195
16 205 193 197
28 199
DAY = 15
NUMBER_OF_TRUCKS = 15
1 221
2 227
3 228
4 229
5 224
6 230
7 233
8 232
9 235
10 231
11 223
12 222
13 225
14 234
15 226
NUMBER_OF_TECHNICIANS = 6
7 220
34 218
3 212 209 210
8 214
6 216 211
9 213 219 215 217
DAY = 16
NUMBER_OF_TRUCKS = 18
1 250
2 241
3 244
4 248
5 253
6 239
7 245
8 251
9 243
10 242
11 252
12 237
13 240
14 247
15 249
16 238
17 246
18 236
NUMBER_OF_TECHNICIANS = 9
1 221 228
4 229
6 233 232
40 235
3 231
9 223 222
18 225
13 234
2 227 224 230 226
DAY = 17
NUMBER_OF_TRUCKS = 17
1 266
2 254
3 259
4 270
5 261
6 264
7 262
8 268
9 263
10 257
11 265
12 256
13 255
14 258
15 260
16 267
17 269
NUMBER_OF_TECHNICIANS = 8
8 253
1 245
2 250 239 237
6 243 242 240
16 252 247 249
3 241 244 248 238
13 251 246
23 236
DAY = 18
NUMBER_OF_TRUCKS = 17
1 284
2 277
3 272
4 286
5 275
6 285
7 278
8 276
9 282
10 287
11 273
12 283
13 279
14 271
15 274
16 280
17 281
NUMBER_OF_TECHNICIANS = 7
8 261
7 263
2 266 254 259 264 257
1 270 256
9 262 268 258 260
3 267
13 265 255 269
DAY = 19
NUMBER_OF_TRUCKS = 13
1 298
2 290
3 299
4 295
5 296
6 292
7 291
8 293
9 300
10 288
11 289
12 294
13 297
NUMBER_OF_TECHNICIANS = 9
1 284 272
8 275
7 285
6 278
2 277 286 273
9 282 287 283
4 279
16 276 271 274 280
36 281
DAY = 20
NUMBER_OF_TRUCKS = 0
NUMBER_OF_TECHNICIANS = 8
6 295 296 292
2 290 299 291
1 298 293
13 300
9 288
4 289
7 294
15 297
