DATASET = ORTEC Early VeRoLog 2019 - easy
NAME = Instance9easy
TRUCK_DISTANCE = 134716
NUMBER_OF_TRUCK_DAYS = 275
NUMBER_OF_TRUCKS_USED = 12
TECHNICIAN_DISTANCE = 115441
NUMBER_OF_TECHNICIAN_DAYS = 284
NUMBER_OF_TECHNICIANS_USED = 31
IDLE_MACHINE_COSTS = 0
TOTAL_COST = 118354060
DAY = 1
NUMBER_OF_TRUCKS = 4
1 2
2 4
3 6
4 8
NUMBER_OF_TECHNICIANS = 0
DAY = 2
NUMBER_OF_TRUCKS = 6
1 11 15
2 13 16
3 14 7 22
4 17 19
5 18
6 20 21
NUMBER_OF_TECHNICIANS = 3
2 2 4
4 6
5 8
DAY = 3
NUMBER_OF_TRUCKS = 9
1 23
2 24 5
3 25 9
4 27 12
5 28 31
6 29 3
7 32 10
8 33
9 34 1
NUMBER_OF_TECHNICIANS = 6
20 14
5 7 15
3 18
4 16 17 19
2 11 13 20 21
8 22
DAY = 4
NUMBER_OF_TRUCKS = 2
1 35
2 39
NUMBER_OF_TECHNICIANS = 12
5 5
11 9
1 1 10
2 3 12 23
9 24
20 25
6 27
4 29
3 28 31
23 32
16 33
26 34
DAY = 5
NUMBER_OF_TRUCKS = 6
1 49 30
2 42
3 43 40
4 45
5 46
6 47
NUMBER_OF_TECHNICIANS = 1
2 35 39
DAY = 6
NUMBER_OF_TRUCKS = 7
1 59 53
2 56 54 58
3 51 36
4 52
5 55
6 57
7 60
NUMBER_OF_TECHNICIANS = 8
1 49
4 30
21 40
9 42
5 43
3 45
13 46
11 47
DAY = 7
NUMBER_OF_TRUCKS = 11
1 73
2 61
3 66
4 71
5 62
6 63 64
7 67 26
8 68 48 50
9 69 37
10 70
11 74 44
NUMBER_OF_TECHNICIANS = 9
6 56
21 54
8 58
2 59 36 51
5 52
4 53
9 55
12 57
25 60
DAY = 8
NUMBER_OF_TRUCKS = 5
1 84 72
2 83 38 78
3 80 41 75
4 81 65
5 77
NUMBER_OF_TECHNICIANS = 7
27 26
3 37 44
6 48 50 63
2 73 61 71 64
50 67
1 69
5 66 62 68 70 74
DAY = 9
NUMBER_OF_TRUCKS = 5
1 88
2 85
3 86
4 87 82
5 92
NUMBER_OF_TECHNICIANS = 6
5 84
2 72 83 41
1 38 80 75
11 65 81
15 77
6 78
DAY = 10
NUMBER_OF_TRUCKS = 5
1 95
2 93
3 96 90
4 100
5 97
NUMBER_OF_TECHNICIANS = 3
9 88
16 82 85 87
3 86 92
DAY = 11
NUMBER_OF_TRUCKS = 7
1 109 79
2 104
3 101 98
4 102 76
5 107
6 112
7 113 114
NUMBER_OF_TECHNICIANS = 3
1 96
2 95 90 93 100
3 97
DAY = 12
NUMBER_OF_TRUCKS = 9
1 122
2 123
3 119 91
4 120 108
5 128 89
6 117
7 116
8 118 106 94
9 126 111 105
NUMBER_OF_TECHNICIANS = 8
11 79
4 109
8 98
15 101
3 102 107
5 104 112
25 113
1 76 114
DAY = 13
NUMBER_OF_TRUCKS = 4
1 139
2 138
3 134 103 125
4 136 110
NUMBER_OF_TECHNICIANS = 10
1 105 123
4 120
2 122 119 89
80 91
5 94
3 106
11 108 117
20 116
6 128 111 118
8 126
DAY = 14
NUMBER_OF_TRUCKS = 5
1 150 115
2 147 135
3 148 127
4 146 137
5 149
NUMBER_OF_TECHNICIANS = 5
2 139
20 103
1 125 110
21 134
9 138 136
DAY = 15
NUMBER_OF_TRUCKS = 7
1 152 145 130
2 160
3 157 163 129
4 164 144
5 154 141
6 155 121 99
7 158 132
NUMBER_OF_TECHNICIANS = 5
4 150
6 148
3 127
2 115 147 135 146
5 137 149
DAY = 16
NUMBER_OF_TRUCKS = 8
1 171 174
2 170
3 168 124 131
4 166 142
5 169 161
6 173
7 165 143
8 167
NUMBER_OF_TECHNICIANS = 11
15 160
6 157
5 130
13 144 141
26 99
70 121
9 152 132
12 154
20 145 155
1 129 158
3 164 163
DAY = 17
NUMBER_OF_TRUCKS = 7
1 176
2 183
3 182 140
4 184 153
5 180
6 177 179
7 175 181 162
NUMBER_OF_TECHNICIANS = 11
27 168
9 142
5 166
1 169
25 131
3 173
21 124
16 165 143
6 171 174
2 170 161
7 167
DAY = 18
NUMBER_OF_TRUCKS = 11
1 185
2 191 151
3 188
4 199 172
5 189 159
6 194
7 190 133
8 195 156 187 196
9 200 178
10 197
11 198
NUMBER_OF_TECHNICIANS = 8
4 176 140
21 184
13 180
20 153 177
25 162
2 183 182 175
9 179
22 181
DAY = 19
NUMBER_OF_TRUCKS = 9
1 211
2 209
3 203
4 215 186
5 214
6 207
7 205 213
8 206
9 201 208
NUMBER_OF_TECHNICIANS = 9
1 151 199
16 190
12 187
9 191 156 196
2 188 159 189 200
3 194 133 172
5 185 195 178
13 197
15 198
DAY = 20
NUMBER_OF_TRUCKS = 11
1 224
2 226 233
3 227 210
4 217
5 230
6 229 192
7 219
8 221
9 231
10 222 193
11 225
NUMBER_OF_TECHNICIANS = 6
5 211
21 203
2 209 214
3 207 206
4 201 208
1 186 215 205 213
DAY = 21
NUMBER_OF_TRUCKS = 7
1 235 218
2 236 232 216
3 241
4 240
5 237 220
6 234 202 212
7 243 228
NUMBER_OF_TECHNICIANS = 11
5 224
3 210
13 192
9 226
6 217
1 229
16 227 219
20 193 221
25 233 231
21 222
15 230 225
DAY = 22
NUMBER_OF_TRUCKS = 4
1 247
2 249
3 248 242
4 244 239 223
NUMBER_OF_TECHNICIANS = 9
5 241
25 220
1 212 202 218
2 235 236 216 240
21 228
20 232
9 237
6 234
37 243
DAY = 23
NUMBER_OF_TRUCKS = 5
1 257
2 254
3 258
4 250 251
5 253 204
NUMBER_OF_TECHNICIANS = 4
2 247 249 223
1 239
13 248
6 242 244
DAY = 24
NUMBER_OF_TRUCKS = 5
1 265
2 271
3 261
4 262
5 264
NUMBER_OF_TECHNICIANS = 4
9 258
16 250
4 257 251
2 254 204 253
DAY = 25
NUMBER_OF_TRUCKS = 6
1 273
2 274
3 277 255 269 245
4 284 270 263
5 283 238 272
6 275
NUMBER_OF_TECHNICIANS = 3
5 271 261
2 265 262
20 264
DAY = 26
NUMBER_OF_TRUCKS = 9
1 298 266
2 287 276
3 295 279
4 294 282
5 288 281
6 290 259 267 246
7 289
8 291 292
9 297
NUMBER_OF_TECHNICIANS = 8
1 245 277
21 255
20 270 263
54 284
51 238
22 283
32 272
2 273 274 269 275
DAY = 27
NUMBER_OF_TRUCKS = 10
1 312
2 306
3 307 268
4 302
5 311
6 308
7 301
8 299 252
9 300 286 296
10 305
NUMBER_OF_TECHNICIANS = 12
5 246
21 298
1 282 276
33 267
12 295
3 281 294
13 288
8 259 290
20 266 279
26 289
6 291 292
9 287 297
DAY = 28
NUMBER_OF_TRUCKS = 7
1 322
2 318 278
3 320
4 317
5 321 310 256
6 314 280
7 315 260
NUMBER_OF_TECHNICIANS = 9
4 306
20 307
9 302
5 312 268
12 311
16 308
25 301
6 252 300
3 286 296 299 305
DAY = 29
NUMBER_OF_TRUCKS = 9
1 326 329
2 338
3 334 304
4 336 309
5 331 328 285
6 325
7 327
8 330 319 293
9 337
NUMBER_OF_TECHNICIANS = 7
3 260
6 318
37 280
1 278 321
2 322 320 256 310
21 314
16 317 315
DAY = 30
NUMBER_OF_TRUCKS = 12
1 340
2 345
3 346
4 342 353
5 347 316
6 348
7 349
8 354 332
9 352
10 343
11 344
12 356
NUMBER_OF_TECHNICIANS = 7
5 325
2 329 338 304 334 309 336 327
12 330
1 326 331 293
3 319 337
8 285
11 328
DAY = 31
NUMBER_OF_TRUCKS = 12
1 366
2 370
3 368 324
4 357 323
5 359 313
6 361 339
7 367 355
8 364 351
9 362
10 358
11 365 335
12 360 350
NUMBER_OF_TECHNICIANS = 9
37 342
25 353
5 347 348
2 340 345 316 349
16 352
50 343
26 354 332
9 346 344
15 356
DAY = 32
NUMBER_OF_TRUCKS = 8
1 376
2 374 378
3 377
4 375 303 363
5 373
6 371
7 379
8 372 341 369
NUMBER_OF_TECHNICIANS = 12
4 313
11 359
6 361
5 323 339
1 324 368 367 335
8 364
21 350
2 366 370 357 362
3 358
9 355 365
25 351
16 360
DAY = 33
NUMBER_OF_TRUCKS = 3
1 385
2 386 380
3 384 333
NUMBER_OF_TECHNICIANS = 9
15 369
2 376 374 377
9 373
25 371
20 341
6 363
3 379
1 303 375 378
22 372
DAY = 34
NUMBER_OF_TRUCKS = 6
1 394
2 390 395
3 388 383 400
4 398
5 391
6 393
NUMBER_OF_TECHNICIANS = 4
5 385
6 380
1 386 333
3 384
DAY = 35
NUMBER_OF_TRUCKS = 7
1 410 381
2 412 407
3 402
4 408 396
5 404 399
6 405
7 411 387
NUMBER_OF_TECHNICIANS = 9
5 394
3 390
22 383
21 388
1 400
9 398
54 391
26 393
23 395
DAY = 36
NUMBER_OF_TRUCKS = 7
1 422 382
2 414
3 420
4 418
5 423 406
6 417 401
7 416 409
NUMBER_OF_TECHNICIANS = 7
5 412 408
2 410 381 402 399
25 387
20 404
1 396 407
11 405
14 411
DAY = 37
NUMBER_OF_TRUCKS = 5
1 430 421
2 424 415
3 427
4 428
5 425
NUMBER_OF_TECHNICIANS = 8
22 422
4 414 382
37 409
2 420 423
13 417
5 418 406
27 416
10 401
DAY = 38
NUMBER_OF_TRUCKS = 8
1 437 392
2 432 429
3 439
4 438 413
5 434 419
6 440
7 433 389 397
8 435
NUMBER_OF_TECHNICIANS = 4
13 430 424
37 427
26 428
2 415 425 421
DAY = 39
NUMBER_OF_TRUCKS = 7
1 441 426 431
2 447 448
3 443 403
4 449
5 445 442
6 446 450
7 444 436
NUMBER_OF_TECHNICIANS = 6
6 413
21 432
1 392 433
5 389 439 438 435
4 429
2 437 397 434 440 419
DAY = 40
NUMBER_OF_TRUCKS = 0
NUMBER_OF_TECHNICIANS = 11
2 441 447
1 448
5 443
9 449
12 436
21 426
6 403
20 445 446
26 450
22 431 442
23 444
