DATASET = ORTEC Early VeRoLog 2019 - easy
NAME = Instance1easy
TRUCK_DISTANCE = 2147
NUMBER_OF_TRUCK_DAYS = -8
NUMBER_OF_TRUCKS_USED = 20
TECHNICIAN_DISTANCE = 33504
NUMBER_OF_TECHNICIAN_DAYS = 73
NUMBER_OF_TECHNICIANS_USED = 18
IDLE_MACHINE_COSTS = 0
TOTAL_COST = 215784420
DAY = 1
NUMBER_OF_TRUCKS = 20
1 1 34 60
2 2 112
3 13 135
4 3 112
5 4 69 69
6 19
7 5 43 140
8 6 50
9 7 66
10 8 36
11 9 57 57 57
12 10 21 139
13 11 36
14 12 16 112 112 112
15 14
16 17
17 15 23 141
18 18 35
19 20
20 22
NUMBER_OF_TECHNICIANS = 0
DAY = 2
NUMBER_OF_TRUCKS = 18
1 34 60 60 60 60
2 36 30
3 30 138
4 35 42
5 42 144
6 24 144 138
7 25 118 137
8 26
9 27 122 122 122
10 28 32
11 29 81
12 31 47 83
13 33 144
14 37 150
15 38
16 39
17 40
18 41 131
NUMBER_OF_TECHNICIANS = 15
1 2 13 3
8 43
12 6
11 5 50 62
4 4 19 69 7
5 10
3 21 12
10 16
19 14 17
17 57 101 15
14 9 23
6 30 18 35
9 36 42
2 1 34 66 8 11 20
26 22
DAY = 3
NUMBER_OF_TRUCKS = 15
1 44 60
2 46 112
3 43 140
4 50 62 62
5 57 101 141
6 45 144
7 47 83 83
8 51 68 68
9 49 146
10 48 92
11 52 122
12 53 150
13 54
14 55 129 129
15 56 118 118
NUMBER_OF_TECHNICIANS = 10
15 26
6 29
11 81
8 84
9 27 31 83
12 28 32 33
1 37
4 136 145 24 25 39
17 38 40
3 47 41
DAY = 4
NUMBER_OF_TRUCKS = 14
1 60 64
2 64
3 69 118 118
4 62 140 140
5 66 120
6 58 139
7 63 143
8 59 144
9 68 132 132
10 65 147 82
11 61
12 67 74
13 70
14 71 113
NUMBER_OF_TECHNICIANS = 11
1 46
12 98
15 51 68
3 49
9 48
6 92
7 52
4 60 122 54
14 55 129
2 44 64 45 56
8 53 150
DAY = 5
NUMBER_OF_TRUCKS = 19
1 87 112
2 79
3 85 120
4 78
5 80 139
6 77 112
7 86
8 81 84
9 84 119
10 88 119 119 119
11 83 136 145
12 89
13 76
14 74 130
15 82 147
16 72 132 132
17 73
18 75 124
19 90 147
NUMBER_OF_TECHNICIANS = 8
14 63
2 58 59
13 61
11 65 74 130
9 70
3 146 67 82
17 71
15 132
DAY = 6
NUMBER_OF_TRUCKS = 15
1 95
2 104 138
3 101 141 141
4 100 136
5 103 112
6 93 141
7 97
8 98 150
9 94 131
10 105 131 131
11 92 145 138
12 91 109 109
13 96 111
14 99
15 102 124
NUMBER_OF_TECHNICIANS = 13
1 87
9 85
3 80
11 135 139
10 112
17 143
8 88
12 119 127 133
4 140 78 89
2 79 76
19 72
26 73 75
6 120 77 86 144 147 90
DAY = 7
NUMBER_OF_TRUCKS = 14
1 118 137
2 108
3 120 144
4 116 138 138 138
5 112 135 135
6 115 124
7 117
8 114
9 107
10 119 127 127 127 127 127
11 109 110
12 110 126
13 106 113
14 111 123 123
NUMBER_OF_TECHNICIANS = 8
1 103
12 93
2 95 118 104 97
17 124
11 131 149 110 126
4 100 96 111 123
6 137 99
8 94 105 91 109 102
DAY = 8
NUMBER_OF_TRUCKS = 13
1 125
2 124
3 122 98 150
4 127 133 140
5 133 137
6 131 149 150
7 129 140 140
8 126 150
9 130 132 132
10 132 146
11 123 118 137
12 121
13 128 147
NUMBER_OF_TECHNICIANS = 4
6 115 117
2 114
4 108 116 138 142 107
15 106 113
DAY = 9
NUMBER_OF_TRUCKS = 15
1 135 150 150
2 140 137
3 138 142
4 142
5 139 143
6 136 145
7 145 144
8 134 141
9 143
10 144 147
11 137 147
12 146 150
13 149 150
14 148 150
15 147
NUMBER_OF_TECHNICIANS = 2
3 121
4 125 128
DAY = 10
NUMBER_OF_TRUCKS = 0
NUMBER_OF_TECHNICIANS = 2
4 134 141
10 148
