DATASET = ORTEC Early VeRoLog 2019 - easy
NAME = Instance3easy
TRUCK_DISTANCE = 190189
NUMBER_OF_TRUCK_DAYS = 256
NUMBER_OF_TRUCKS_USED = 13
TECHNICIAN_DISTANCE = 118440
NUMBER_OF_TECHNICIAN_DAYS = 288
NUMBER_OF_TECHNICIANS_USED = 35
IDLE_MACHINE_COSTS = 0
TOTAL_COST = 308669570
DAY = 1
NUMBER_OF_TRUCKS = 7
1 1 8
2 2 11
3 3 12
4 4 5
5 6 10
6 7
7 9
NUMBER_OF_TECHNICIANS = 0
DAY = 2
NUMBER_OF_TRUCKS = 6
1 17
2 20 19 21
3 13
4 14 15
5 16 22
6 18
NUMBER_OF_TECHNICIANS = 8
1 1
7 2
4 11 3
8 4 5
14 8
9 6 9
10 10
16 7 12
DAY = 3
NUMBER_OF_TRUCKS = 8
1 30 35 39
2 23 38 24
3 25 34
4 26 36
5 27
6 29 37
7 31 33
8 32 40 28
NUMBER_OF_TECHNICIANS = 6
4 13
8 20 14
10 15
14 18
12 17 19 21
9 16 22
DAY = 4
NUMBER_OF_TRUCKS = 13
1 42 50 45
2 47
3 53
4 54 43
5 61 51
6 48 59
7 41
8 44 60
9 46
10 49 55
11 52 57
12 56
13 58
NUMBER_OF_TECHNICIANS = 12
7 39
4 30
9 25
1 26
10 27 28
14 32
8 24 31 33
33 35
48 36
11 29 37
12 23 38
13 34 40
DAY = 5
NUMBER_OF_TRUCKS = 9
1 62 65 76
2 63
3 64
4 66
5 67 75
6 69 74 68
7 70 72
8 71
9 73
NUMBER_OF_TECHNICIANS = 10
4 47
7 53
10 45 46
8 42 54 48 43 49
17 51
9 61 50 55
3 56
14 41 44 52 57
12 58 59
29 60
DAY = 6
NUMBER_OF_TRUCKS = 9
1 89
2 82 80 86
3 88
4 77 84
5 78
6 79
7 81 83
8 85
9 87
NUMBER_OF_TECHNICIANS = 11
16 62
11 64
13 68 76
12 63 66 67
15 69
5 70
17 65 71
51 72
38 73
145 74
19 75
DAY = 7
NUMBER_OF_TRUCKS = 9
1 90
2 97
3 101 95
4 96 92 94
5 91 93 102
6 98
7 99
8 100
9 103
NUMBER_OF_TECHNICIANS = 9
14 89
1 86
10 88
7 78
12 82 80 81
16 83
4 77 84
8 79 85
9 87
DAY = 8
NUMBER_OF_TRUCKS = 11
1 109
2 122 116
3 105 119 110
4 112
5 120
6 104 113
7 106 108 117
8 107 121
9 111
10 114 115
11 118
NUMBER_OF_TECHNICIANS = 9
1 96
10 93
27 91
33 92
4 94 98
9 97 99
8 90 101 95 100
14 102
19 103
DAY = 9
NUMBER_OF_TRUCKS = 5
1 123 127
2 131
3 124 132
4 126
5 128 130 129 125
NUMBER_OF_TECHNICIANS = 13
4 112
7 120
8 119 104
13 106
9 122 116 107
6 108
10 109 105 110
14 117 111
38 113
17 114
27 115
19 118
16 121
DAY = 10
NUMBER_OF_TRUCKS = 7
1 135 133
2 141 136
3 144 134
4 138 139
5 137
6 140
7 142 146 145 143
NUMBER_OF_TECHNICIANS = 9
13 129
7 123
8 125
1 131
16 124
19 127
12 128
17 130
10 126 132
DAY = 11
NUMBER_OF_TRUCKS = 8
1 147 157
2 158 159
3 150 156 153
4 151 160 162
5 154 152
6 161 149
7 164 148
8 155 163
NUMBER_OF_TECHNICIANS = 9
15 141
9 143 144
5 139
4 135 133
11 137
14 138 136
19 134 140
12 145 142
29 146
DAY = 12
NUMBER_OF_TRUCKS = 8
1 176 172 166
2 165 168
3 170 171
4 169
5 177 174
6 175
7 167
8 173
NUMBER_OF_TECHNICIANS = 11
4 158
8 147 150
9 160 154
6 164
11 152
12 157 159 148
13 151 149
10 155 153
14 161 156
15 162
27 163
DAY = 13
NUMBER_OF_TRUCKS = 13
1 194 198
2 196 178
3 179 190 192
4 183 180
5 200
6 186
7 195 189
8 182 181
9 193 191
10 197
11 184 187
12 185 199
13 188
NUMBER_OF_TECHNICIANS = 10
1 176
4 165
5 170
33 169
9 166 177
13 174
11 175
14 172 167
8 168 171
7 173
DAY = 14
NUMBER_OF_TRUCKS = 8
1 211 207
2 208 203 205
3 213 201
4 212 209
5 218 204 210
6 216 217
7 214 215
8 202 206
NUMBER_OF_TECHNICIANS = 11
12 198
7 200
17 186 182
13 179 190 195 189
11 191
19 197 180
10 194 193 184
35 185
5 187
8 183 192 181 178 188
4 196 199
DAY = 15
NUMBER_OF_TRUCKS = 11
1 224
2 233
3 226 222
4 221
5 230 234
6 232
7 229 227 225
8 231 228
9 220
10 219
11 223
NUMBER_OF_TECHNICIANS = 10
9 213
5 216
10 214
17 208 202
7 215
8 211 203 217 209 206
12 212 201
14 204 205
13 218 207
19 210
DAY = 16
NUMBER_OF_TRUCKS = 9
1 247 238
2 237 245
3 244 250
4 246 235
5 240 239
6 249 243
7 236 241
8 242
9 248
NUMBER_OF_TECHNICIANS = 9
12 226
17 233 232
4 231
10 224 221 222
13 229 225 228
26 220
48 219 234
7 230 223
15 227
DAY = 17
NUMBER_OF_TRUCKS = 10
1 252 262
2 253
3 254 255
4 261 258
5 264 263
6 251
7 265 257
8 256
9 260
10 259
NUMBER_OF_TECHNICIANS = 12
9 244
4 246
14 240
11 247 235
17 250
12 238 245 239
7 249
3 236
16 241
1 242
27 243
8 237 248
DAY = 18
NUMBER_OF_TRUCKS = 7
1 267 268
2 275 279
3 274 269
4 277 266
5 270 278
6 271 273
7 272 276
NUMBER_OF_TECHNICIANS = 9
10 261
11 251
9 252 263
4 262
8 253 254 265
48 258
14 257 255
1 256 260
12 264 259
DAY = 19
NUMBER_OF_TRUCKS = 7
1 282 292
2 286 288
3 291 293
4 289 290 283 280
5 284 285
6 294 281
7 287 295
NUMBER_OF_TECHNICIANS = 11
10 267
11 279
14 274 277
17 270
13 269 278
9 275 266
2 268
19 271
33 272
1 273
16 276
DAY = 20
NUMBER_OF_TRUCKS = 12
1 313
2 310
3 302
4 301 312
5 298 303
6 306 311
7 300 299
8 307 309
9 297
10 314
11 308 304 296
12 305
NUMBER_OF_TECHNICIANS = 12
16 286
10 291 292
6 289 290
8 293
14 288
4 282 284
36 287
18 283
35 281
24 280
13 294 285
42 295
DAY = 21
NUMBER_OF_TRUCKS = 9
1 317
2 322 325
3 321
4 324 326
5 320 319 315
6 329 327
7 316 328
8 318
9 323
NUMBER_OF_TECHNICIANS = 13
17 313
4 301
9 306
10 310 311
12 312 300
11 302 307
38 304
8 299 309
14 298 303
2 297
19 296 314
1 308
16 305
DAY = 22
NUMBER_OF_TRUCKS = 6
1 331 340 341 339
2 335 332
3 337 338
4 336
5 330 333
6 334
NUMBER_OF_TECHNICIANS = 8
1 329
17 322 316
8 320 325
12 324 327
9 321 326
13 315
10 317 323
11 318 319 328
DAY = 23
NUMBER_OF_TRUCKS = 11
1 347 345 348
2 350 363
3 344 357
4 351 359
5 346 353
6 360 362 358
7 342
8 343 356
9 361
10 352
11 354 355 349
NUMBER_OF_TECHNICIANS = 9
4 331
16 337
9 332
2 336
19 330
44 334
8 335 341 338
17 333 339
34 340
DAY = 24
NUMBER_OF_TRUCKS = 9
1 372 379
2 373
3 367 378
4 374 376
5 365 368
6 377 375
7 364 366
8 370 371
9 369
NUMBER_OF_TECHNICIANS = 10
1 348
12 347 344 357 346
20 353
13 362 360 358
9 355 351 349
22 343
14 356 363
4 345 359
16 361
11 350 342 352 354
DAY = 25
NUMBER_OF_TRUCKS = 8
1 385 384 392
2 389
3 390 383
4 386 380
5 388
6 391 381
7 387
8 382
NUMBER_OF_TECHNICIANS = 9
16 373
5 372 374 376
11 377
13 379
8 367 378
12 365 368 370
34 369
1 364 366 375
14 371
DAY = 26
NUMBER_OF_TRUCKS = 9
1 403
2 399
3 393 402
4 395
5 398 394
6 400
7 401
8 396
9 397 404
NUMBER_OF_TECHNICIANS = 9
12 385 384
10 392 390
9 389 386
13 388
14 383
11 387
8 391 380
4 381
2 382
DAY = 27
NUMBER_OF_TRUCKS = 7
1 416 410 407
2 411
3 413
4 409 414
5 406 415 405
6 412 417
7 408
NUMBER_OF_TECHNICIANS = 9
1 393
4 395
17 400
16 401
8 399 398 396
14 397
51 404
6 402
9 403 394
DAY = 28
NUMBER_OF_TRUCKS = 10
1 424 431 428
2 426 427
3 419
4 421 432
5 425
6 418
7 420 429
8 422
9 430
10 423
NUMBER_OF_TECHNICIANS = 9
11 411
12 410
4 407
9 409
7 414
17 413 408
13 412 417
1 415
10 416 406 405
DAY = 29
NUMBER_OF_TRUCKS = 10
1 442 437
2 450 436
3 440 434 443
4 444 433
5 449
6 447
7 439 441 445
8 448
9 435
10 438 446
NUMBER_OF_TECHNICIANS = 10
4 419
9 431 426 421
1 425
13 428
10 427 418
12 420
17 432
14 424 422
8 429
11 430 423
DAY = 30
NUMBER_OF_TRUCKS = 0
NUMBER_OF_TECHNICIANS = 11
1 444 433
12 445
51 439
5 443
10 447 435
11 437
14 434
4 450 448 436
8 442 449 438
9 440 446
16 441
