DATASET = ORTEC Early VeRoLog 2019 - easy
NAME = Instance1easy
TRUCK_DISTANCE = 55610
NUMBER_OF_TRUCK_DAYS = 150
NUMBER_OF_TRUCKS_USED = 23
TECHNICIAN_DISTANCE = 40699
NUMBER_OF_TECHNICIAN_DAYS = 88
NUMBER_OF_TECHNICIANS_USED = 17
IDLE_MACHINE_COSTS = 0
TOTAL_COST = 1267357864
DAY = 1
NUMBER_OF_TRUCKS = 23
1 1
2 2
3 13
4 3
5 4
6 19
7 5
8 6
9 7
10 8
11 9
12 10
13 21
14 11
15 12
16 16
17 14
18 17
19 15
20 23
21 18
22 20
23 22
NUMBER_OF_TECHNICIANS = 0
DAY = 2
NUMBER_OF_TRUCKS = 19
1 34
2 36
3 30
4 35
5 42
6 24
7 25
8 26
9 27
10 28
11 32
12 29
13 31
14 33
15 37
16 38
17 39
18 40
19 41
NUMBER_OF_TECHNICIANS = 13
1 2 13 3
11 5
12 6
4 4 19 7
5 10
3 21 12
10 16
6 14 17
17 15
14 9 23
8 18
2 1 8 11 20
26 22
DAY = 3
NUMBER_OF_TRUCKS = 15
1 44
2 46
3 43
4 50
5 57
6 45
7 47
8 51
9 49
10 48
11 52
12 53
13 54
14 55
15 56
NUMBER_OF_TECHNICIANS = 11
2 34
15 26
9 24 25 27
12 28 32
6 29
4 36 30 35 42 31
11 33
1 37
17 38 39
8 40
3 41
DAY = 4
NUMBER_OF_TRUCKS = 14
1 60
2 64
3 69
4 62
5 66
6 58
7 63
8 59
9 68
10 65
11 61
12 67
13 70
14 71
NUMBER_OF_TECHNICIANS = 10
1 46
4 43 50 57
12 51
3 49
9 48
7 52
8 53
6 54
14 55
2 44 45 47 56
DAY = 5
NUMBER_OF_TRUCKS = 19
1 87
2 79
3 85
4 78
5 80
6 77
7 86
8 81
9 84
10 88
11 83
12 89
13 76
14 74
15 82
16 72
17 73
18 75
19 90
NUMBER_OF_TECHNICIANS = 9
11 62
14 63
2 64 66 59
12 68
4 60 69 65
1 61
3 58 67
6 70
17 71
DAY = 6
NUMBER_OF_TRUCKS = 15
1 95
2 104
3 101
4 100
5 103
6 93
7 97
8 98
9 94
10 105
11 92
12 91
13 96
14 99
15 102
NUMBER_OF_TECHNICIANS = 11
1 87
17 78
3 80
11 81
8 84 88
4 85 86 83 89
12 74
2 79 76 82
19 72
26 73 75
6 77 90
DAY = 7
NUMBER_OF_TRUCKS = 15
1 118
2 108
3 120
4 116
5 112
6 115
7 117
8 114
9 107
10 119
11 109
12 110
13 106
14 113
15 111
NUMBER_OF_TECHNICIANS = 8
1 103
2 95 104 97
12 98
3 105
8 91
6 100 94 92 96
11 99
4 101 93 102
DAY = 8
NUMBER_OF_TRUCKS = 13
1 125
2 124
3 122
4 127
5 133
6 131
7 129
8 126
9 130
10 132
11 123
12 121
13 128
NUMBER_OF_TECHNICIANS = 8
10 112
6 115 117
2 118 114
11 119
1 109
12 110
15 106 113
4 108 120 116 107 111
DAY = 9
NUMBER_OF_TRUCKS = 17
1 135
2 140
3 138
4 142
5 139
6 136
7 145
8 134
9 143
10 144
11 137
12 141
13 146
14 149
15 148
16 147
17 150
NUMBER_OF_TECHNICIANS = 9
17 124
11 127 133
14 129
12 131 126
4 125 122 130
8 132
9 123
2 121
6 128
DAY = 10
NUMBER_OF_TRUCKS = 0
NUMBER_OF_TECHNICIANS = 9
9 138 136 145
17 143
6 142 144 137
4 140 134 141
3 146
11 135 139 149
10 148
8 147
1 150
