DATASET = ORTEC Early VeRoLog 2019 - easy
NAME = Instance3easy
TRUCK_DISTANCE = 302138
NUMBER_OF_TRUCK_DAYS = 450
NUMBER_OF_TRUCKS_USED = 23
TECHNICIAN_DISTANCE = 118440
NUMBER_OF_TECHNICIAN_DAYS = 288
NUMBER_OF_TECHNICIANS_USED = 35
IDLE_MACHINE_COSTS = 0
TOTAL_COST = 420620610
DAY = 1
NUMBER_OF_TRUCKS = 12
1 1
2 2
3 11
4 3
5 4
6 5
7 6
8 7
9 8
10 9
11 10
12 12
NUMBER_OF_TECHNICIANS = 0
DAY = 2
NUMBER_OF_TRUCKS = 10
1 17
2 20
3 13
4 14
5 15
6 16
7 18
8 19
9 21
10 22
NUMBER_OF_TECHNICIANS = 8
1 1
7 2
4 11 3
8 4 5
14 8
9 6 9
10 10
16 7 12
DAY = 3
NUMBER_OF_TRUCKS = 18
1 39
2 30
3 23
4 24
5 25
6 26
7 27
8 28
9 29
10 31
11 32
12 33
13 34
14 35
15 36
16 37
17 38
18 40
NUMBER_OF_TECHNICIANS = 6
4 13
8 20 14
10 15
14 18
12 17 19 21
9 16 22
DAY = 4
NUMBER_OF_TRUCKS = 21
1 42
2 47
3 53
4 45
5 54
6 61
7 48
8 41
9 43
10 44
11 46
12 49
13 50
14 51
15 52
16 55
17 56
18 57
19 58
20 59
21 60
NUMBER_OF_TECHNICIANS = 12
7 39
4 30
9 25
1 26
10 27 28
14 32
8 24 31 33
33 35
48 36
11 29 37
12 23 38
13 34 40
DAY = 5
NUMBER_OF_TRUCKS = 15
1 62
2 68
3 63
4 64
5 65
6 76
7 66
8 67
9 69
10 70
11 71
12 72
13 73
14 74
15 75
NUMBER_OF_TECHNICIANS = 10
4 47
7 53
10 45 46
8 42 54 48 43 49
17 51
9 61 50 55
3 56
14 41 44 52 57
12 58 59
29 60
DAY = 6
NUMBER_OF_TRUCKS = 13
1 89
2 82
3 86
4 88
5 77
6 78
7 79
8 80
9 81
10 83
11 84
12 85
13 87
NUMBER_OF_TECHNICIANS = 11
16 62
11 64
13 68 76
12 63 66 67
15 69
5 70
17 65 71
51 72
38 73
145 74
19 75
DAY = 7
NUMBER_OF_TRUCKS = 14
1 94
2 90
3 97
4 101
5 96
6 93
7 91
8 92
9 95
10 98
11 99
12 100
13 102
14 103
NUMBER_OF_TECHNICIANS = 9
14 89
1 86
10 88
7 78
12 82 80 81
16 83
4 77 84
8 79 85
9 87
DAY = 8
NUMBER_OF_TRUCKS = 19
1 109
2 119
3 122
4 116
5 105
6 112
7 120
8 117
9 104
10 106
11 107
12 108
13 110
14 111
15 113
16 114
17 115
18 118
19 121
NUMBER_OF_TECHNICIANS = 9
1 96
10 93
27 91
33 92
4 94 98
9 97 99
8 90 101 95 100
14 102
19 103
DAY = 9
NUMBER_OF_TRUCKS = 10
1 129
2 123
3 125
4 131
5 124
6 126
7 127
8 128
9 130
10 132
NUMBER_OF_TECHNICIANS = 13
4 112
7 120
8 119 104
13 106
9 122 116 107
6 108
10 109 105 110
14 117 111
38 113
17 114
27 115
19 118
16 121
DAY = 10
NUMBER_OF_TRUCKS = 14
1 145
2 135
3 143
4 141
5 144
6 138
7 139
8 133
9 137
10 134
11 136
12 140
13 142
14 146
NUMBER_OF_TECHNICIANS = 9
13 129
7 123
8 125
1 131
16 124
19 127
12 128
17 130
10 126 132
DAY = 11
NUMBER_OF_TRUCKS = 18
1 147
2 157
3 158
4 160
5 150
6 151
7 159
8 154
9 161
10 164
11 155
12 152
13 148
14 149
15 153
16 156
17 162
18 163
NUMBER_OF_TECHNICIANS = 9
15 141
9 143 144
5 139
4 135 133
11 137
14 138 136
19 134 140
12 145 142
29 146
DAY = 12
NUMBER_OF_TRUCKS = 13
1 172
2 166
3 176
4 165
5 170
6 169
7 177
8 174
9 175
10 167
11 168
12 171
13 173
NUMBER_OF_TECHNICIANS = 11
4 158
8 147 150
9 160 154
6 164
11 152
12 157 159 148
13 151 149
10 155 153
14 161 156
15 162
27 163
DAY = 13
NUMBER_OF_TRUCKS = 23
1 194
2 196
3 179
4 190
5 198
6 183
7 200
8 186
9 192
10 195
11 182
12 193
13 189
14 191
15 181
16 197
17 178
18 180
19 184
20 185
21 187
22 188
23 199
NUMBER_OF_TECHNICIANS = 10
1 176
4 165
5 170
33 169
9 166 177
13 174
11 175
14 172 167
8 168 171
7 173
DAY = 14
NUMBER_OF_TRUCKS = 18
1 211
2 208
3 213
4 212
5 203
6 218
7 216
8 217
9 214
10 204
11 202
12 215
13 209
14 206
15 201
16 205
17 207
18 210
NUMBER_OF_TECHNICIANS = 11
12 198
7 200
17 186 182
13 179 190 195 189
11 191
19 197 180
10 194 193 184
35 185
5 187
8 183 192 181 178 188
4 196 199
DAY = 15
NUMBER_OF_TRUCKS = 16
1 224
2 233
3 226
4 221
5 230
6 232
7 229
8 231
9 222
10 225
11 228
12 220
13 219
14 234
15 223
16 227
NUMBER_OF_TECHNICIANS = 10
9 213
5 216
10 214
17 208 202
7 215
8 211 203 217 209 206
12 212 201
14 204 205
13 218 207
19 210
DAY = 16
NUMBER_OF_TRUCKS = 16
1 247
2 237
3 244
4 238
5 246
6 240
7 235
8 250
9 245
10 239
11 249
12 236
13 241
14 242
15 243
16 248
NUMBER_OF_TECHNICIANS = 9
12 226
17 233 232
4 231
10 224 221 222
13 229 225 228
26 220
48 219 234
7 230 223
15 227
DAY = 17
NUMBER_OF_TRUCKS = 15
1 252
2 253
3 254
4 261
5 264
6 251
7 263
8 262
9 265
10 257
11 258
12 255
13 256
14 260
15 259
NUMBER_OF_TECHNICIANS = 12
9 244
4 246
14 240
11 247 235
17 250
12 238 245 239
7 249
3 236
16 241
1 242
27 243
8 237 248
DAY = 18
NUMBER_OF_TRUCKS = 14
1 267
2 275
3 279
4 274
5 269
6 277
7 270
8 278
9 266
10 268
11 271
12 272
13 273
14 276
NUMBER_OF_TECHNICIANS = 9
10 261
11 251
9 252 263
4 262
8 253 254 265
48 258
14 257 255
1 256 260
12 264 259
DAY = 19
NUMBER_OF_TRUCKS = 16
1 282
2 286
3 291
4 292
5 289
6 290
7 293
8 288
9 284
10 294
11 287
12 283
13 281
14 280
15 285
16 295
NUMBER_OF_TECHNICIANS = 11
10 267
11 279
14 274 277
17 270
13 269 278
9 275 266
2 268
19 271
33 272
1 273
16 276
DAY = 20
NUMBER_OF_TRUCKS = 19
1 313
2 310
3 302
4 301
5 298
6 312
7 306
8 311
9 300
10 307
11 299
12 304
13 309
14 303
15 296
16 297
17 314
18 308
19 305
NUMBER_OF_TECHNICIANS = 12
16 286
10 291 292
6 289 290
8 293
14 288
4 282 284
36 287
18 283
35 281
24 280
13 294 285
42 295
DAY = 21
NUMBER_OF_TRUCKS = 15
1 317
2 322
3 321
4 324
5 320
6 329
7 316
8 325
9 327
10 318
11 319
12 326
13 315
14 323
15 328
NUMBER_OF_TECHNICIANS = 13
17 313
4 301
9 306
10 310 311
12 312 300
11 302 307
38 304
8 299 309
14 298 303
2 297
19 296 314
1 308
16 305
DAY = 22
NUMBER_OF_TRUCKS = 12
1 331
2 335
3 337
4 332
5 341
6 336
7 330
8 333
9 334
10 338
11 339
12 340
NUMBER_OF_TECHNICIANS = 8
1 329
17 322 316
8 320 325
12 324 327
9 321 326
13 315
10 317 323
11 318 319 328
DAY = 23
NUMBER_OF_TRUCKS = 22
1 345
2 347
3 348
4 355
5 350
6 344
7 357
8 351
9 362
10 346
11 353
12 360
13 358
14 342
15 349
16 343
17 356
18 363
19 359
20 361
21 352
22 354
NUMBER_OF_TECHNICIANS = 9
4 331
16 337
9 332
2 336
19 330
44 334
8 335 341 338
17 333 339
34 340
DAY = 24
NUMBER_OF_TRUCKS = 16
1 372
2 373
3 367
4 374
5 376
6 365
7 368
8 377
9 364
10 366
11 379
12 378
13 370
14 369
15 375
16 371
NUMBER_OF_TECHNICIANS = 10
1 348
12 347 344 357 346
20 353
13 362 360 358
9 355 351 349
22 343
14 356 363
4 345 359
16 361
11 350 342 352 354
DAY = 25
NUMBER_OF_TRUCKS = 13
1 385
2 389
3 392
4 384
5 390
6 386
7 388
8 383
9 391
10 387
11 380
12 381
13 382
NUMBER_OF_TECHNICIANS = 9
16 373
5 372 374 376
11 377
13 379
8 367 378
12 365 368 370
34 369
1 364 366 375
14 371
DAY = 26
NUMBER_OF_TRUCKS = 12
1 403
2 399
3 393
4 395
5 398
6 400
7 401
8 396
9 397
10 404
11 402
12 394
NUMBER_OF_TECHNICIANS = 9
12 385 384
10 392 390
9 389 386
13 388
14 383
11 387
8 391 380
4 381
2 382
DAY = 27
NUMBER_OF_TRUCKS = 13
1 416
2 411
3 410
4 407
5 413
6 409
7 406
8 414
9 412
10 408
11 417
12 415
13 405
NUMBER_OF_TECHNICIANS = 9
1 393
4 395
17 400
16 401
8 399 398 396
14 397
51 404
6 402
9 403 394
DAY = 28
NUMBER_OF_TRUCKS = 15
1 424
2 431
3 426
4 419
5 421
6 425
7 427
8 428
9 418
10 420
11 432
12 422
13 430
14 429
15 423
NUMBER_OF_TECHNICIANS = 9
11 411
12 410
4 407
9 409
7 414
17 413 408
13 412 417
1 415
10 416 406 405
DAY = 29
NUMBER_OF_TRUCKS = 18
1 442
2 450
3 440
4 444
5 449
6 433
7 447
8 445
9 439
10 448
11 443
12 435
13 437
14 434
15 436
16 438
17 446
18 441
NUMBER_OF_TECHNICIANS = 10
4 419
9 431 426 421
1 425
13 428
10 427 418
12 420
17 432
14 424 422
8 429
11 430 423
DAY = 30
NUMBER_OF_TRUCKS = 0
NUMBER_OF_TECHNICIANS = 11
1 444 433
12 445
51 439
5 443
10 447 435
11 437
14 434
4 450 448 436
8 442 449 438
9 440 446
16 441
