DATASET = ORTEC Early VeRoLog 2019 - easy
NAME = Instance5easy
TRUCK_DISTANCE = 376658
NUMBER_OF_TRUCK_DAYS = 468
NUMBER_OF_TRUCKS_USED = 18
TECHNICIAN_DISTANCE = 238260
NUMBER_OF_TECHNICIAN_DAYS = 538
NUMBER_OF_TECHNICIANS_USED = 39
IDLE_MACHINE_COSTS = 0
TOTAL_COST = 23872317600
DAY = 1
NUMBER_OF_TRUCKS = 15
1 1 17
2 2
3 3
4 4
5 5 13
6 6
7 7
8 8 9
9 10
10 11
11 12
12 14
13 15 16
14 18
15 19
NUMBER_OF_TECHNICIANS = 0
DAY = 2
NUMBER_OF_TRUCKS = 7
1 30 23
2 32 31
3 20 33
4 21
5 25 29 26
6 27 22 24
7 28
NUMBER_OF_TECHNICIANS = 14
17 3
4 1 4
18 7
9 8
25 9
20 10
31 11
12 6 12
15 14
13 5 15
8 2 13 18
43 16
24 17
10 19
DAY = 3
NUMBER_OF_TRUCKS = 11
1 34
2 45 51
3 36 41
4 37
5 38 43
6 39
7 40
8 42 47 35
9 44 46
10 48 50
11 49
NUMBER_OF_TECHNICIANS = 9
24 21
4 30 32 22
6 24
9 20 25
5 26
3 27
13 23 29
1 28 31
17 33
DAY = 4
NUMBER_OF_TRUCKS = 14
1 64
2 52 57
3 53 61
4 54 62
5 55 69
6 56 72
7 58
8 59
9 60 65
10 63
11 66
12 67
13 68 70
14 71
NUMBER_OF_TECHNICIANS = 14
15 34
11 36
8 37
18 39
9 40
19 41
3 45 42
24 43
75 46
5 44 47
17 38 48
4 35 49
76 50
7 51
DAY = 5
NUMBER_OF_TRUCKS = 6
1 73
2 79 76
3 74 75
4 77 78
5 80
6 81 82
NUMBER_OF_TECHNICIANS = 16
24 52
3 53 54
5 55
13 56
15 59
8 64 57 60
14 61
10 62
9 63
17 65
18 67
16 68
12 58 66 69
11 70
26 71
43 72
DAY = 6
NUMBER_OF_TRUCKS = 9
1 90 87
2 85
3 94 84
4 97 99
5 83 89 91
6 88
7 92 100
8 93 98
9 96 86 95
NUMBER_OF_TECHNICIANS = 6
24 79
46 76
15 73 77
17 75 78
26 80
4 74 81 82
DAY = 7
NUMBER_OF_TRUCKS = 12
1 110
2 116 107 108
3 121 114
4 105 109
5 111 115 113
6 104
7 102
8 112
9 101 117
10 106 120 103
11 118
12 119
NUMBER_OF_TECHNICIANS = 13
3 97
14 84
26 88
13 86
6 87
28 89
4 90 94 91
1 92
10 93
5 95
15 98
9 83 96 99
16 85 100
DAY = 8
NUMBER_OF_TRUCKS = 8
1 125 124
2 123 122
3 127 133
4 126
5 129 128
6 130
7 131
8 132
NUMBER_OF_TECHNICIANS = 15
10 110
8 102
15 112
26 105 101
11 103
9 106
43 107
7 108
37 113
13 114
3 111 115
5 117
18 118
4 116 121 109 119
12 104 120
DAY = 9
NUMBER_OF_TRUCKS = 8
1 143
2 147 146
3 136 144
4 138
5 140
6 141 135 137
7 142 134 139
8 145
NUMBER_OF_TECHNICIANS = 9
3 125
4 123 126
16 129
8 122
1 128
26 130
12 131
9 124 132
24 127 133
DAY = 10
NUMBER_OF_TRUCKS = 14
1 155 156
2 163
3 161
4 154 166
5 151
6 152
7 153 149 160
8 164
9 148 162
10 150
11 157
12 158
13 159
14 165
NUMBER_OF_TECHNICIANS = 9
19 146
6 143 134
39 136
5 135 137
18 139
12 147 140
7 141
16 138 144
24 142 145
DAY = 11
NUMBER_OF_TRUCKS = 10
1 167 175
2 170
3 173
4 178 172
5 171
6 177
7 168
8 169
9 174 179
10 176
NUMBER_OF_TECHNICIANS = 13
10 160
20 161
5 156
3 154
1 153
18 164
11 149
13 150
4 163 152 157
17 148 158
28 162
8 155 151 165
16 159 166
DAY = 12
NUMBER_OF_TRUCKS = 18
1 186
2 194
3 192 206
4 188 199
5 195
6 200
7 180 203
8 197 183
9 190 191
10 202
11 196 204
12 181 205
13 182
14 184
15 185 193
16 187
17 189
18 198 201 207
NUMBER_OF_TECHNICIANS = 11
15 167
3 170
26 173
8 178
17 172
13 168
14 169
9 174
12 171 175
18 177 176
24 179
DAY = 13
NUMBER_OF_TRUCKS = 12
1 220 221
2 210
3 225
4 215
5 209 214
6 217 219
7 208
8 213
9 216
10 218 224
11 222 211 212
12 223
NUMBER_OF_TECHNICIANS = 17
8 194
5 192
24 206
9 183
1 196
16 202 191
11 204
3 181
46 182
18 184
15 186 189
4 188 193
13 180 199 185 198
51 201
17 197 203
12 195 187 205
14 200 190 207
DAY = 14
NUMBER_OF_TRUCKS = 8
1 234 233
2 229
3 232
4 227
5 228 237 231
6 226 230
7 235
8 236
NUMBER_OF_TECHNICIANS = 13
13 221
4 210 225 215
10 209
3 217
5 219
24 211 212
12 213
39 214
16 216
1 218
17 220 222
8 208 223
36 224
DAY = 15
NUMBER_OF_TRUCKS = 12
1 254 238
2 243 246
3 259 251
4 239 240
5 244
6 247 245
7 249
8 241 257 248
9 242
10 250
11 252 253 258
12 255 256
NUMBER_OF_TECHNICIANS = 10
4 234
1 232
9 228
18 237
28 233
12 229 226
5 230
24 231
8 235
16 227 236
DAY = 16
NUMBER_OF_TRUCKS = 5
1 262 267 265
2 260 268
3 264 263
4 266 261
5 269
NUMBER_OF_TECHNICIANS = 17
1 253
19 243
17 254 259
3 246 239
10 240
26 244
18 249
5 248
13 241
51 238
9 251 245
12 247 242 250
15 252
11 255
16 256
22 257
47 258
DAY = 17
NUMBER_OF_TRUCKS = 9
1 284 282
2 271 283
3 277 270
4 275
5 276 281
6 280 272
7 273 279
8 274
9 278
NUMBER_OF_TECHNICIANS = 7
3 264
75 266
9 261
15 263
17 267 265
4 262 260 268
18 269
DAY = 18
NUMBER_OF_TRUCKS = 12
1 295 300
2 299
3 293
4 285 297
5 290
6 288
7 289 286 292
8 298
9 294
10 291
11 287
12 296
NUMBER_OF_TECHNICIANS = 9
26 284
3 271
15 277
1 270
17 276 272 282
9 273
16 274
8 283 278 279
4 275 280 281
DAY = 19
NUMBER_OF_TRUCKS = 8
1 308 305
2 309 306
3 312 302
4 304
5 303
6 310
7 307 301 313
8 311
NUMBER_OF_TECHNICIANS = 12
18 295
20 285
10 290
26 288
5 292
9 289
13 298
8 293 294
4 286 299 291
1 287
12 296
3 297 300
DAY = 20
NUMBER_OF_TRUCKS = 7
1 323 321 326
2 314 315
3 320 317 319
4 325
5 316
6 318 322
7 324
NUMBER_OF_TECHNICIANS = 10
15 308
17 305
10 309
33 301
13 303
4 304 310
24 307 302
43 306
12 311
5 312 313
DAY = 21
NUMBER_OF_TRUCKS = 11
1 335
2 333 327
3 331
4 336
5 332 329
6 340 337
7 341
8 330
9 338
10 339
11 334 328
NUMBER_OF_TECHNICIANS = 10
15 323
5 320
17 314 319 317
10 321
3 326
12 315
8 325 316
24 318
48 322
18 324
DAY = 22
NUMBER_OF_TRUCKS = 7
1 346
2 350 347 345
3 342
4 352 351
5 348
6 343
7 344 349
NUMBER_OF_TECHNICIANS = 11
12 333
75 329
4 335 331 336 340
18 341
20 330
8 338
1 327
39 339
6 334
48 328
24 332 337
DAY = 23
NUMBER_OF_TRUCKS = 12
1 357 370
2 366
3 359 368
4 362 360
5 371 361
6 369 364
7 363
8 356
9 355 367
10 353 354
11 358
12 365
NUMBER_OF_TECHNICIANS = 7
24 342
1 350 347
3 352
26 345
4 346 348 344
17 349
8 343 351
DAY = 24
NUMBER_OF_TRUCKS = 10
1 388 376
2 383 382
3 389 381
4 390 384
5 387 374
6 373
7 377 375 386
8 372
9 379 378 385
10 380
NUMBER_OF_TECHNICIANS = 14
1 357
19 366
10 359
3 371
4 362 369 363 364
28 368
18 355
5 360
9 353
15 370 354
8 358
17 361
12 356 365
48 367
DAY = 25
NUMBER_OF_TRUCKS = 4
1 391
2 393 395
3 397 394 392
4 396
NUMBER_OF_TECHNICIANS = 13
12 389
17 388 378
4 383 376
43 387
3 377 375
8 373 386
1 384
28 374
10 381
24 390 372
5 385 379
56 380
7 382
DAY = 26
NUMBER_OF_TRUCKS = 9
1 409 402
2 399
3 404 401
4 407
5 406 398
6 410
7 405
8 400 403
9 408
NUMBER_OF_TECHNICIANS = 6
15 391
26 393
3 395
17 397
5 394
9 392 396
DAY = 27
NUMBER_OF_TRUCKS = 7
1 414 415
2 421
3 417 420
4 423 412
5 418 422 419
6 411 416
7 413
NUMBER_OF_TECHNICIANS = 10
5 409
18 399
24 402 407
13 406
9 405
31 400
33 403
4 404 410 398
28 401
12 408
DAY = 28
NUMBER_OF_TRUCKS = 9
1 425 431
2 430 427
3 428
4 432 433 435
5 437
6 426 436
7 434
8 424
9 429
NUMBER_OF_TECHNICIANS = 10
8 421
17 422
15 423
5 412
13 419
3 418
18 411
4 414 417 420
10 415
12 413 416
DAY = 29
NUMBER_OF_TRUCKS = 9
1 448 444
2 449 445 439
3 450
4 440
5 446
6 447
7 443 438
8 442
9 441
NUMBER_OF_TECHNICIANS = 10
3 432
19 431
14 426
9 433
4 430 437 434
24 425 424
7 436
12 428 429
16 427
17 435
DAY = 30
NUMBER_OF_TRUCKS = 6
1 458 457
2 453
3 456
4 452
5 455
6 451 454
NUMBER_OF_TECHNICIANS = 10
51 445
17 444
76 450
4 448 439
1 440
12 447
15 443
18 442
9 438
8 449 446 441
DAY = 31
NUMBER_OF_TRUCKS = 10
1 473 460 472
2 462 461
3 471
4 459
5 467
6 463
7 464
8 466 465
9 469
10 468 470
NUMBER_OF_TECHNICIANS = 7
13 458
26 453
8 456
24 455
10 451
9 452 454
14 457
DAY = 32
NUMBER_OF_TRUCKS = 7
1 487 486 484
2 475 474 482
3 477 480 481
4 476
5 485 483
6 478
7 479
NUMBER_OF_TECHNICIANS = 10
8 472
18 462
1 467
12 461
4 473 459 464
24 471 463 466
31 469
17 465
5 460 468
26 470
DAY = 33
NUMBER_OF_TRUCKS = 9
1 499 493 496
2 490 497
3 492
4 495
5 501 488
6 489 500
7 498
8 494
9 491
NUMBER_OF_TECHNICIANS = 10
10 475
3 474
11 481
5 484 487 486
18 477 480
4 482 476
12 485
31 478
17 483
26 479
DAY = 34
NUMBER_OF_TRUCKS = 13
1 519
2 510 506
3 520 521
4 513 508
5 515
6 512 518
7 517 516
8 507 511
9 502
10 514 503
11 509
12 504
13 505
NUMBER_OF_TECHNICIANS = 10
1 490
12 492 495
3 497
24 499 501 489
18 498
19 494
36 500
26 491
8 493 488
28 496
DAY = 35
NUMBER_OF_TRUCKS = 11
1 522 536
2 530 528
3 539 524
4 531 532
5 526 533 527
6 537
7 525 534
8 529
9 523
10 538
11 535
NUMBER_OF_TECHNICIANS = 13
3 510
10 520
15 521
19 513
4 519 512 518
6 502
8 515 509
13 506
17 503
26 514 508
9 505
18 504 511
24 517 507 516
DAY = 36
NUMBER_OF_TRUCKS = 8
1 544 549 552
2 543 551
3 545 542
4 541
5 550
6 553 548
7 546 540
8 547
NUMBER_OF_TECHNICIANS = 11
15 530
5 533
4 522 539 531 537
1 528
13 534 532
3 524
35 523
9 525 527
8 538
12 529 535
17 526 536
DAY = 37
NUMBER_OF_TRUCKS = 13
1 562 569
2 572 567 570
3 565
4 561 568
5 556 566
6 560
7 571
8 554
9 555
10 563 559
11 573 564
12 557
13 558
NUMBER_OF_TECHNICIANS = 11
8 543
1 552
5 545
12 550
15 553
9 546
24 551 542
17 544 549
3 541 540
13 547
6 548
DAY = 38
NUMBER_OF_TRUCKS = 4
1 579
2 581 576
3 577 575
4 582 580 574 578
NUMBER_OF_TECHNICIANS = 13
1 560
12 571
26 556 568
76 554
24 572 563
33 559
10 569
18 566 573
15 562 557
35 558
5 564
4 565 561 555 567
28 570
DAY = 39
NUMBER_OF_TRUCKS = 14
1 603
2 596
3 599 586
4 598 595
5 585 602
6 591 593
7 587
8 592
9 590
10 594
11 584
12 597 589
13 588 583 600
14 601 604
NUMBER_OF_TECHNICIANS = 6
8 579
17 580
11 577
5 574 582
4 581 576 575
36 578
DAY = 40
NUMBER_OF_TRUCKS = 7
1 613 617
2 606 612
3 608 615
4 616
5 610 607 614
6 605 618 611
7 609
NUMBER_OF_TECHNICIANS = 13
10 603
15 599
22 600
18 587
8 602 592
17 598 593
4 583 596 585 595
1 590
26 591 594
7 597
9 584 588
3 586 601 604
16 589
DAY = 41
NUMBER_OF_TRUCKS = 11
1 635 626
2 625 619 628
3 622
4 633 634 627
5 624
6 631
7 632 630
8 623
9 621
10 620
11 629
NUMBER_OF_TECHNICIANS = 12
76 613
12 606
5 617
3 608
2 607
18 614
16 611
13 616
39 610
9 615 605
24 618 609
11 612
DAY = 42
NUMBER_OF_TRUCKS = 11
1 643
2 639 641 642
3 652 636
4 646 648 651
5 638
6 637
7 650
8 649
9 644 647
10 640
11 645
NUMBER_OF_TECHNICIANS = 12
3 635
15 622
24 633
1 626 624
4 625 634 632
8 631 623
5 628
17 619 627
9 630
12 621
26 620
13 629
DAY = 43
NUMBER_OF_TRUCKS = 9
1 655
2 660 662
3 665 659
4 656 653 663
5 657
6 658
7 654
8 661
9 664
NUMBER_OF_TECHNICIANS = 12
5 652
11 646
24 637
3 650
9 639 641
17 642 644
15 640
6 648
12 643 636
8 638 645
13 649 647
18 651
DAY = 44
NUMBER_OF_TRUCKS = 8
1 674 666
2 676 677
3 671
4 668 672
5 678 673
6 669 675
7 667
8 670
NUMBER_OF_TECHNICIANS = 10
11 660
13 665
33 656
15 657
24 658
4 655 654
26 661
5 663 659
14 664
18 653 662
DAY = 45
NUMBER_OF_TRUCKS = 7
1 679 686
2 681 685
3 687
4 690 680
5 683
6 682 688
7 684 689
NUMBER_OF_TECHNICIANS = 11
11 674
1 676
12 666
5 668
19 677
4 671 672 678
8 669
9 667
25 670
7 675
18 673
DAY = 46
NUMBER_OF_TRUCKS = 10
1 702 699 703 691
2 693
3 696 707 706 700
4 704 694
5 705
6 697
7 701
8 695
9 692
10 698
NUMBER_OF_TECHNICIANS = 10
3 679
12 687
8 690
7 683
15 682
10 688
14 686
36 684
4 681 680 685
18 689
DAY = 47
NUMBER_OF_TRUCKS = 10
1 717
2 714
3 709 715 708
4 712 720
5 722
6 718
7 719 710
8 711
9 721 713
10 716
NUMBER_OF_TECHNICIANS = 10
24 699
3 696
36 703
7 691
12 704
15 694 697
8 693 695
13 706
4 702 705 701 692 698
17 707 700
DAY = 48
NUMBER_OF_TRUCKS = 5
1 728 726 724
2 730 725
3 729
4 723 727
5 731 732
NUMBER_OF_TECHNICIANS = 10
10 714
5 709
12 718
9 719
24 711
4 717 722 710
11 720
25 715
3 712 708
16 721 713 716
DAY = 49
NUMBER_OF_TRUCKS = 12
1 740 744
2 739
3 749
4 748
5 736 737
6 750 741 738
7 743
8 747 742
9 745
10 734
11 735 746
12 733
NUMBER_OF_TECHNICIANS = 9
17 728
18 730
15 729
5 723
13 731
3 726 724
24 732
8 727
26 725
DAY = 50
NUMBER_OF_TRUCKS = 0
NUMBER_OF_TECHNICIANS = 13
5 740
15 739
3 736
17 750
8 748 738
36 747
24 743 741
12 745
10 737
9 735
18 749 734 742
11 746
13 744 733
