DATASET = ORTEC Early VeRoLog 2019 - easy
NAME = Instance11easy
TRUCK_DISTANCE = 278884
NUMBER_OF_TRUCK_DAYS = 556
NUMBER_OF_TRUCKS_USED = 86
TECHNICIAN_DISTANCE = 134320
NUMBER_OF_TECHNICIAN_DAYS = 231
NUMBER_OF_TECHNICIANS_USED = 43
IDLE_MACHINE_COSTS = 44575
TOTAL_COST = 145832545
DAY = 1
NUMBER_OF_TRUCKS = 47
1 3
2 5
3 6
4 7
5 8
6 9
7 13
8 15 16
9 19
10 22 66
11 20
12 23
13 25
14 27
15 30
16 31 46
17 32
18 33 39
19 34
20 35
21 36
22 38
23 52 45
24 40
25 41
26 73
27 42
28 65
29 43
30 44 55
31 48
32 49
33 62
34 50
35 51
36 53
37 54
38 56
39 60
40 61
41 63
42 64
43 68
44 70
45 71
46 72
47 75
NUMBER_OF_TECHNICIANS = 0
DAY = 2
NUMBER_OF_TRUCKS = 64
1 112 106
2 142 1
3 94 10
4 97 11
5 80 29
6 161
7 160
8 139 26
9 90
10 100
11 110
12 119
13 150
14 101
15 83
16 125 69
17 113
18 137
19 77
20 78
21 82 47
22 85 74
23 86
24 128
25 87
26 88
27 89 111
28 91 152
29 108
30 93 95
31 96
32 98
33 99 37
34 102
35 103
36 109
37 114
38 115
39 117 164
40 120 14
41 121 2
42 122
43 123 24
44 124
45 126 146
46 155
47 127
48 129
49 130 135
50 131
51 132
52 151
53 134
54 140
55 143
56 144 162
57 145
58 147
59 148
60 149
61 154 59
62 156
63 158
64 159 28
NUMBER_OF_TECHNICIANS = 19
16 9
6 15
1 7 8 20 27
7 23 32
21 38 52
10 16 31 42
3 3 19 22 33 39 35 36 65
5 6 40 44 55
23 43 45
8 30 50
12 5 49 62 53
4 25 34 41 73 54
19 56
15 13 60
18 63
24 66
2 48 68
22 71
17 46 51 61 64 72
DAY = 3
NUMBER_OF_TRUCKS = 66
1 172
2 181
3 196
4 244
5 246 118
6 213
7 200
8 216
9 197
10 177 205
11 254
12 211
13 175 81
14 243
15 206 67
16 178
17 239 57
18 245 58
19 202 76
20 187
21 225
22 170
23 190 163
24 195 173
25 185
26 165 136
27 241
28 194
29 236
30 247
31 221
32 251
33 249
34 186
35 171
36 203
37 193
38 234
39 166
40 167 212
41 176
42 169
43 174 4
44 180 105
45 183
46 184
47 188
48 189
49 191
50 192
51 201
52 204
53 209
54 210
55 214
56 217 223
57 219 12
58 228
59 230
60 232 21
61 257
62 233
63 238
64 250
65 253 107
66 255
NUMBER_OF_TECHNICIANS = 27
1 1 112 142 59 29
2 2 83
16 74 113
15 80 78 86 128 108
20 96
11 101 98
5 90 100 110 102
7 14 161 160 106
12 77 117 164
8 26 139 119 150 122
17 88 89 111 127
39 131
18 85 132 151
9 109 134
19 95 99 143
13 94 28 82 87 144
6 10 24 47 121 123 162
4 11 97 37 145
37 155 146 70
33 126 147
24 130 148
23 114 140 149
21 91 93 103 152
30 154
38 156
26 120 158
22 115 124 129 159
DAY = 4
NUMBER_OF_TRUCKS = 65
1 300 252
2 325
3 320
4 305 319
5 289
6 309 18
7 283
8 316 157
9 335 116
10 317
11 327 242
12 273
13 270 334
14 276
15 301
16 303 341
17 299
18 326 332
19 331
20 318 308
21 262
22 278
23 263 229
24 304
25 264
26 286
27 311 92
28 315
29 337
30 330
31 277 215
32 279 179
33 280
34 342
35 333
36 288
37 266
38 292 182
39 258 271
40 312
41 290
42 274
43 260 226
44 313
45 265
46 324
47 269
48 275
49 281 218
50 282
51 338
52 284 307
53 293
54 295 339
55 297 153
56 298
57 302
58 306
59 310
60 314 207
61 321
62 322
63 323
64 328 340
65 336
NUMBER_OF_TECHNICIANS = 23
3 196 244 118 246 177 205 187 225 194
13 200 216 243 178 57 239 236
15 202 163 190 247 107
12 67 206 245 221
7 81 136 171
23 76 203
6 12 254 211 170 193
24 173
30 191
11 184 201
19 105 180 204
2 172 209
8 58 165 249 174 210
18 251 214
4 213 167 176 212 217 223
21 186 183 189 219
10 197 241 234 228
37 185 232
1 4 181 21 230 257
26 188 233
17 175 195 166 169 238
32 253
27 250 255
DAY = 5
NUMBER_OF_TRUCKS = 53
1 346 368
2 409 291 268
3 386 361
4 365 296
5 353
6 355
7 394 199
8 370
9 396
10 400 410
11 388
12 406 17
13 402
14 397
15 375
16 348 208
17 416
18 363
19 391 237
20 395 104
21 403
22 382 79
23 343 359
24 347
25 392 220
26 357 168
27 414 138
28 401 248
29 404
30 380
31 352
32 364
33 369
34 374
35 376 256
36 379 259
37 344
38 345
39 407
40 349
41 351
42 354
43 385
44 417
45 362 415
46 373 287
47 378
48 384
49 389
50 390
51 393
52 398
53 399 133
NUMBER_OF_TECHNICIANS = 23
21 270
3 300 325 289 337
11 286 215 277
2 309 280
10 157 278 263 333
30 342 288
13 283 316 327 242 279 179
22 318 312
16 311 315 292 271 229 226 260
8 273 299 265
23 334 276 207 275
1 252 305 319 116 335 331 269 338
17 262 330 153 266 284
38 293
4 320 18 290 295
24 92 264 313 297
19 304 182 258 298
26 218 274 281 302
32 324 308
9 314
27 307 310 322
28 321 336
31 328 340
DAY = 6
NUMBER_OF_TRUCKS = 52
1 443 141
2 441 411
3 427 294
4 442
5 451
6 480 418
7 426
8 455
9 476
10 424
11 463
12 478
13 438
14 444 356
15 465
16 467
17 425
18 459 267
19 421 350
20 419
21 456
22 432
23 471
24 472 272
25 445 222
26 434
27 475 235
28 479
29 453
30 447
31 430
32 420
33 468
34 440
35 436
36 454
37 448 84
38 439 366
39 462
40 446 371
41 481
42 423
43 457
44 429
45 435
46 437
47 452 482
48 461
49 466
50 473
51 477 413
52 483
NUMBER_OF_TECHNICIANS = 24
10 386
3 346 368 296 17
6 291 409 199 394
12 400 410 406
13 79 355 388 397
15 396 402 375 287 220
17 237 363 138
9 168 414
7 365 348 357 208 404
26 343 347 359 380 352 364
21 395 392 401 248
32 374
19 104 259 379
33 268 306 323
22 403 256 376 345 407 349
30 351
27 344 354
37 369 361
28 415 378
14 384
5 353 370 385 417 390 317 301 303 341
16 391 382 393
29 373 398 339
46 133 399 135
DAY = 7
NUMBER_OF_TRUCKS = 53
1 506 358
2 511 372
3 527 491
4 518 547
5 534
6 503
7 514 431
8 499 557
9 504 261
10 529
11 495 507
12 537 530
13 532 224
14 533
15 487
16 554
17 559
18 501
19 535
20 526
21 524
22 548 360
23 536
24 549
25 560
26 546
27 516 460
28 515
29 502 449
30 488 474
31 486
32 510
33 497
34 551 198
35 553
36 509
37 552 227
38 542
39 538 387
40 508
41 494 329
42 531
43 500
44 519 556
45 545 367
46 522 433
47 550
48 492
49 485
50 489
51 496
52 498
53 513
NUMBER_OF_TECHNICIANS = 26
18 356 438 326 332
60 444 192 69 125
1 443 465
3 294 427 455 425
14 459
20 432
4 418 480 222 445
45 434 282
12 84 479
8 478 267 447
33 430
37 472 420
15 411 272 467 419 235 440
10 426 475 454
23 424 448
6 442 456 439 462
31 371 446
7 476 481
24 350 421 141 453 423 457
27 468 436 429
29 435 452
5 451 463 482
28 366 437 461
30 413 466
2 441 473
46 483
DAY = 8
NUMBER_OF_TRUCKS = 70
1 570 381
2 584
3 590
4 624
5 561
6 598 405
7 633
8 628
9 637
10 620
11 639
12 562 505
13 573
14 589
15 579
16 563 543
17 593
18 605
19 566 517
20 614 408
21 611
22 632
23 572
24 583
25 571
26 612
27 592
28 595 606
29 623
30 643
31 644
32 581 458
33 574 412
34 569 490
35 618
36 621 539
37 634
38 641 450
39 567 231
40 609 377
41 619
42 635
43 603
44 580
45 638 240
46 622 521
47 646
48 625 591
49 613
50 577
51 602
52 630 428
53 597 636
54 575
55 615
56 640
57 582
58 607
59 647
60 588 523
61 576 525
62 631 558
63 565
64 568
65 585
66 596
67 608 484
68 610
69 616
70 642 645
NUMBER_OF_TECHNICIANS = 21
11 487 416 389
5 449 433 358 526
1 518 547 534 514 516
13 557 495 554 474 536 560 488
8 537 548 367 486 510
16 261 553
4 506 372 511 527 507 509
18 515 491
2 499 387
6 535 549 431 227
22 542 329 494 471
25 531 362
7 503 504 529 500
9 508 556
23 360 545
24 497 198 551 552 522 550
26 538 485
28 489
12 502 519 496
37 460 530 498
15 532 559 501 524 546 224 513
DAY = 9
NUMBER_OF_TRUCKS = 86
1 716
2 703
3 701
4 736 540
5 735
6 739
7 671 657
8 710
9 658 600
10 711
11 684 689
12 676 601
13 741
14 660
15 664 629
16 732
17 693
18 697 651
19 737 464
20 687
21 648
22 667 728
23 713 709
24 720
25 712 493
26 748 715
27 690
28 730 726
29 678
30 708
31 746 564
32 691
33 696
34 677 541
35 652
36 681 604
37 733 578
38 674 695
39 662
40 665
41 705
42 745 617
43 704
44 659
45 686 682
46 747 661
47 702
48 672 285
49 729 688
50 714
51 724 685
52 679 668
53 673 555
54 655 512
55 649
56 707
57 742
58 656 680
59 719 422
60 663
61 675 469
62 700 520
63 699
64 725 587
65 650
66 698
67 670
68 722
69 750 470
70 744 383
71 666 723
72 694 586
73 721 594
74 740
75 654
76 731
77 718
78 692 599
79 653 528
80 706
81 717 743
82 669 626
83 683
84 727 738
85 734 544
86 749 627
NUMBER_OF_TECHNICIANS = 30
68 637 137 75
2 562 593
4 405 598 633 505 408 579 605
8 639 589 612
6 572 240
1 570 543 643
12 611 644
17 583 592 623 569
3 584 590 624 628 620 563 621
7 573 231
10 517 566 539 622
18 484 603 625
9 567 381
23 634 575
24 619 635 602 412
14 615
26 597 582
32 607
11 632 647
27 636 523 588
15 561 595 606 521 646 613 525 576
31 558 631
19 571 458 581 609 568
29 565 585
37 577 596
13 428 614 618 591 608
38 610 477
20 616
16 574 450 641 580 638 640 642
21 377 490 630 645
DAY = 10
NUMBER_OF_TRUCKS = 0
NUMBER_OF_TECHNICIANS = 38
7 735 739 687
11 648
4 600 658 684 737 464 667 587
14 690
3 422 701 627 540 736 601 676 741 748 678
13 660 664 696
6 671 686
21 651 604 745 747 702
22 285 672
32 729
12 732 675
8 697 470
16 708 541 677 520
5 710 528 699
18 705 673 725
10 657 629 728 722
23 693 681 733 750
26 663 744
9 724 679 685
24 674 662 665 383 659 694
17 691 649 682 707 742 670 721
2 555 654 688
45 709 700 731 492
37 704 512 655 599 692
29 544
19 564 746 652 715 740 653
28 723 718 706
34 743
31 594
46 493 712 661 680 578 717 617 533
27 650 666 586 469 668
38 719 698 683
36 689
30 726 626 669 695
1 716 703 711 656 727
47 738
15 713 720 730 714 734
33 749
