DATASET = ORTEC Early VeRoLog 2019 - easy
NAME = Instance4easy
TRUCK_DISTANCE = 281649
NUMBER_OF_TRUCK_DAYS = 311
NUMBER_OF_TRUCKS_USED = 17
TECHNICIAN_DISTANCE = 153761
NUMBER_OF_TECHNICIAN_DAYS = 378
NUMBER_OF_TECHNICIANS_USED = 35
IDLE_MACHINE_COSTS = 0
TOTAL_COST = 336906200
DAY = 1
NUMBER_OF_TRUCKS = 12
1 1 164 386 562
2 2 34
3 3 36 130
4 4 529
5 5 245
6 6 213
7 7 79
8 8 10 352
9 9 234
10 11 143
11 12 13 372 355
12 14 177
NUMBER_OF_TECHNICIANS = 0
DAY = 2
NUMBER_OF_TRUCKS = 12
1 15 388 465
2 16 65 223 141
3 17 471
4 18 235 266
5 19 288 461
6 20 481
7 21 31
8 22 127
9 23 29 502
10 24
11 25 212 445
12 26 532 539
NUMBER_OF_TECHNICIANS = 8
9 3
6 5
1 1 2 6
5 4 7
10 10
4 11
7 8 9 13
8 12 14
DAY = 3
NUMBER_OF_TRUCKS = 10
1 27 168
2 28 255
3 30 71
4 32 548
5 33 67
6 35 138
7 37 146
8 38 43
9 39 44
10 40 221 240
NUMBER_OF_TECHNICIANS = 7
4 17
8 20
21 21
6 16 18 22
7 19 23
1 15 25
5 24 26
DAY = 4
NUMBER_OF_TRUCKS = 6
1 41 73
2 42 153
3 45 473 491
4 46 139 345
5 47 549 252
6 48 463
NUMBER_OF_TECHNICIANS = 9
6 29
15 36 27
7 28
5 30
1 34 33 35
10 37
12 38
4 31 32 39
37 40
DAY = 5
NUMBER_OF_TRUCKS = 16
1 57
2 49 398 335
3 50 580
4 51 533
5 64 557
6 52 366
7 53
8 54 259
9 55 354
10 56 80 555
11 58 332 443
12 59 147
13 60 185
14 61 275
15 62 68
16 63 569
NUMBER_OF_TECHNICIANS = 6
1 43 44
7 42
15 45
31 46
4 41 47
5 48
DAY = 6
NUMBER_OF_TRUCKS = 8
1 66 292 523 535
2 69 343 501
3 70 81
4 72 243 285
5 74 103
6 75
7 76 561
8 77
NUMBER_OF_TECHNICIANS = 11
37 57
10 49
7 50 51 64
25 53
15 54
6 55
8 52 56 58
17 60
20 61
21 59 62
9 63
DAY = 7
NUMBER_OF_TRUCKS = 6
1 84 540
2 82 199
3 83 140
4 85 537
5 86 230
6 87 196 237
NUMBER_OF_TECHNICIANS = 10
6 65
8 66 70
5 69 71
15 72
4 68 73
31 74
1 79 67 75 76
10 77
14 78
9 80
DAY = 8
NUMBER_OF_TRUCKS = 15
1 101
2 99 323
3 88
4 89
5 90 600
6 91 247
7 92
8 93 263
9 94 108
10 95 308
11 96 409 336
12 97 351
13 98 554
14 100 124 151
15 102 274 397
NUMBER_OF_TECHNICIANS = 5
4 82
9 81
5 83 85
6 84 86
17 87
DAY = 9
NUMBER_OF_TRUCKS = 14
1 107 427 497
2 121 421
3 105
4 113 273
5 104 123
6 106 117
7 109 432
8 110 545
9 112 239
10 114 296
11 115 116 207
12 118 173
13 119 248
14 120 254 299
NUMBER_OF_TECHNICIANS = 12
8 99
15 103
31 89
7 90
9 91
1 101 88 94
14 95
10 92 96
5 97
18 98
20 100
12 93 102
DAY = 10
NUMBER_OF_TRUCKS = 10
1 131 551
2 135 550
3 132
4 122 137
5 125 590 588
6 126
7 128 172
8 129
9 133 280 246 599
10 134 393 454
NUMBER_OF_TECHNICIANS = 11
19 111
8 113
7 107 108
6 104
4 121 112
13 114
39 115
14 116
5 118
3 119
1 105 106 117 109 110 120
DAY = 11
NUMBER_OF_TRUCKS = 7
1 150 253 325
2 136 362
3 142 572
4 144 442
5 145
6 148 183
7 149 475
NUMBER_OF_TECHNICIANS = 11
4 127
5 131
37 135
20 124
6 122
8 123 125
31 126
9 128
21 129
28 133
1 130 132 134
DAY = 12
NUMBER_OF_TRUCKS = 10
1 159 182 429
2 152
3 156
4 160
5 155
6 157 300
7 158 428
8 161 258 319
9 162 193 339
10 163 295
NUMBER_OF_TECHNICIANS = 11
7 140
13 138
6 146
2 139
9 136
4 143 147 141
8 150 137 142
18 144
15 145
17 148
25 149
DAY = 13
NUMBER_OF_TRUCKS = 13
1 179 306
2 165 205
3 166
4 167 364
5 169 203
6 170 318 509
7 171 320
8 174 294
9 175 422 596
10 176 312 271
11 178 225
12 180 558
13 181 464 298 593
NUMBER_OF_TECHNICIANS = 6
20 151
15 155 157
1 152 156 160 158
7 159 154 161
4 153 162
30 163
DAY = 14
NUMBER_OF_TRUCKS = 9
1 189 303
2 184 439
3 191 217
4 187
5 186 358 202
6 188 192
7 190
8 194 402 517
9 195 229
NUMBER_OF_TECHNICIANS = 11
5 179
20 165
25 166
9 169
6 168 170
37 171
13 175
7 172 176
10 178
1 164 177 167 180
8 173 174 181
DAY = 15
NUMBER_OF_TRUCKS = 17
1 214
2 210 522
3 197 592
4 198
5 219 477
6 216 547
7 200
8 201 470
9 204 420
10 206 232 269 241
11 208 227 597
12 209 316 412
13 211 516 543
14 215
15 218 262
16 220
17 222 344 430 507
NUMBER_OF_TECHNICIANS = 9
18 189
15 187
9 191 196
4 193 185
7 184 182 188
8 186 192
10 190
33 194
12 183 195
DAY = 16
NUMBER_OF_TRUCKS = 7
1 233
2 231 514
3 236 495
4 226
5 224 415 566
6 228 487 527
7 238 340
NUMBER_OF_TECHNICIANS = 16
12 198
6 214 219
1 197 202
17 207
4 199 221 205
9 203
8 216 201
5 210 200 204
96 208
15 217 206 209
7 213 211
3 212
19 215
20 218
59 220
33 222
DAY = 17
NUMBER_OF_TRUCKS = 5
1 251 581 594
2 242 400 494
3 249 575
4 244 484
5 250 268
NUMBER_OF_TECHNICIANS = 11
25 233
4 234
20 240
5 230
12 237
21 236 226
8 231 229
1 235 239 232
28 227
37 224
17 225 223 228 238
DAY = 18
NUMBER_OF_TRUCKS = 7
1 256 348
2 265 493
3 260 307
4 261
5 257 293 328
6 264 406 377
7 267
NUMBER_OF_TECHNICIANS = 8
1 245 251
15 243
6 247
8 242 241
10 248 249
12 244
17 246
14 250
DAY = 19
NUMBER_OF_TRUCKS = 4
1 276
2 277 411
3 272
4 270
NUMBER_OF_TECHNICIANS = 9
15 256
33 259
7 265 257
10 254
26 262
4 263 252
5 266 258 253
6 260 264
1 255 261 267
DAY = 20
NUMBER_OF_TRUCKS = 10
1 286 583
2 282 341 489
3 289
4 291 564
5 281
6 284
7 278 310 586
8 279 287
9 290 556
10 283 413 444
NUMBER_OF_TECHNICIANS = 7
31 276
4 271 275
10 273
15 277 272
25 270
9 274 269
17 268
DAY = 21
NUMBER_OF_TRUCKS = 6
1 305 525 579
2 304 423
3 309
4 302
5 297 458
6 301 384
NUMBER_OF_TECHNICIANS = 9
10 289
7 288
1 286 282 291
8 285 280
3 284
20 278
17 279 287
12 290
15 281 283
DAY = 22
NUMBER_OF_TRUCKS = 9
1 317
2 313
3 324
4 314 392 587
5 326
6 311 329 490
7 315 434
8 321
9 322 578
NUMBER_OF_TECHNICIANS = 9
7 293
1 307 300
8 292 304
10 295 309
21 302
4 303 308 296 310
5 299 294 298
6 305 301
14 297 306
DAY = 23
NUMBER_OF_TRUCKS = 7
1 338
2 330 154 407 382
3 334 559
4 327 391
5 333
6 342 486
7 337 503
NUMBER_OF_TECHNICIANS = 11
4 323
37 313
6 314
46 326
5 318
20 320
9 316
7 324 325
14 311 315
15 321
8 317 319 312 322
DAY = 24
NUMBER_OF_TRUCKS = 9
1 347 515
2 357 492
3 360 571
4 349 508
5 353
6 346 468 565
7 359 399
8 350 544
9 356 485 577
NUMBER_OF_TECHNICIANS = 13
1 338 329
7 341 332
19 330
8 328 334
39 339
15 343 327
14 344
17 340
21 333
18 342
9 335
6 331 336
25 337
DAY = 25
NUMBER_OF_TRUCKS = 10
1 368 380
2 361 469
3 369
4 373 474 483
5 365 595
6 367 394
7 371 452
8 374 383
9 363 456
10 370
NUMBER_OF_TECHNICIANS = 11
9 345
4 354
10 349
25 353
5 358 346
12 359
31 348
17 355
6 360 351 350
1 347 357 352
30 356
DAY = 26
NUMBER_OF_TRUCKS = 9
1 375
2 389
3 376 480
4 390
5 378 426
6 381
7 379
8 385 521
9 387 414
NUMBER_OF_TECHNICIANS = 9
7 372
13 368
15 366 373
8 365
19 371
25 374
10 361 367 364
4 369 363
31 362 370
DAY = 27
NUMBER_OF_TRUCKS = 8
1 401
2 408 460
3 403 424
4 395
5 405 538 524
6 396 455
7 404 582
8 410
NUMBER_OF_TECHNICIANS = 9
15 380 383
14 377
16 391 390
3 384
1 386 375 389 381
25 379
7 388 376 378 382
12 385
9 387
DAY = 28
NUMBER_OF_TRUCKS = 7
1 419
2 417 438 476
3 418
4 425 436
5 433
6 416
7 431
NUMBER_OF_TECHNICIANS = 13
7 411
2 403
1 401 408 394
10 392
4 397
6 409
8 395
15 398 393
17 407 412
13 396
9 399 400
21 404
5 405 402 406 410
DAY = 29
NUMBER_OF_TRUCKS = 12
1 441
2 450
3 457
4 435
5 447
6 449
7 440
8 437
9 451
10 446 531
11 453
12 448
NUMBER_OF_TECHNICIANS = 14
10 419
6 432 417
11 413
5 429
8 424 425
9 433
7 427 422 420 430
21 415
13 426
30 434
33 414
4 418 428 421
25 416
12 423 431
DAY = 30
NUMBER_OF_TRUCKS = 6
1 462
2 472
3 467
4 459
5 478 482
6 466 589
NUMBER_OF_TECHNICIANS = 14
6 436 441
1 439 458 457 435
25 447
4 454
18 442
61 452
8 450 438 444
13 440 437
9 446
17 445
30 455
10 456
5 449 451 453
15 443 448
DAY = 31
NUMBER_OF_TRUCKS = 2
1 479
2 488 530
NUMBER_OF_TECHNICIANS = 13
1 465
7 460 469
15 477 473
5 463
3 472
17 476
20 475
13 474
10 462 467
6 461 471
4 470 459
8 464 468 478
33 466
DAY = 32
NUMBER_OF_TRUCKS = 4
1 499 78 111 331
2 500 576
3 496
4 498
NUMBER_OF_TECHNICIANS = 8
5 490
15 489
10 479 480
17 483
14 487
30 484
4 488 486
7 481 485 482
DAY = 33
NUMBER_OF_TRUCKS = 7
1 504
2 505
3 510
4 512 584
5 513
6 511
7 506
NUMBER_OF_TECHNICIANS = 7
6 501
7 499 492
18 495
15 500 496
3 498
1 491 497
9 493 494
DAY = 34
NUMBER_OF_TRUCKS = 4
1 526 598
2 519
3 520
4 518 585
NUMBER_OF_TECHNICIANS = 10
17 514
1 502 504
29 508
25 510
9 512
8 505 507
14 509
19 503
6 513 511
33 506
DAY = 35
NUMBER_OF_TRUCKS = 4
1 541
2 528
3 536
4 534
NUMBER_OF_TECHNICIANS = 7
7 515
8 523
15 525
5 522
13 524 527 517 519
6 516 520
9 526 521 518
DAY = 36
NUMBER_OF_TRUCKS = 4
1 546
2 542 567
3 552 568
4 553
NUMBER_OF_TECHNICIANS = 8
1 540 532 539 541 537
4 528
8 533 531
10 538
21 530
16 536
15 535 534
13 529
DAY = 37
NUMBER_OF_TRUCKS = 2
1 563 573
2 560
NUMBER_OF_TECHNICIANS = 10
4 549 547
21 550
15 551
17 555
8 554
45 548
7 542 545 543
6 552 556
1 546 544
10 553
DAY = 38
NUMBER_OF_TRUCKS = 2
1 570
2 574
NUMBER_OF_TECHNICIANS = 7
7 564 557
10 567
4 566 559
1 558 562
5 565
6 563 561
31 560
DAY = 39
NUMBER_OF_TRUCKS = 1
1 591
NUMBER_OF_TECHNICIANS = 8
6 581
4 582 569
8 580 575
1 578 579 576
7 572 577
15 571 568
5 573
10 570 574
DAY = 40
NUMBER_OF_TRUCKS = 0
NUMBER_OF_TECHNICIANS = 10
8 587 590
6 589 600 591
15 588 584
7 583 596 599
4 594 586
1 592 593
31 595
12 585
5 597
9 598
