DATASET = ORTEC Early VeRoLog 2019 - easy
NAME = Instance21easy
TRUCK_DISTANCE = 251278
NUMBER_OF_TRUCK_DAYS = 450
NUMBER_OF_TRUCKS_USED = 61
TECHNICIAN_DISTANCE = 70664
NUMBER_OF_TECHNICIAN_DAYS = 170
NUMBER_OF_TECHNICIANS_USED = 27
IDLE_MACHINE_COSTS = 0
TOTAL_COST = -1272075722
DAY = 1
NUMBER_OF_TRUCKS = 61
1 1
2 2
3 3
4 4
5 19
6 5
7 17
8 6
9 7
10 8
11 9
12 10
13 11
14 53
15 12
16 13
17 23
18 14
19 15
20 16
21 50
22 18
23 20
24 21
25 29
26 46
27 22
28 24
29 30
30 52
31 25
32 26
33 41
34 27
35 28
36 31
37 32
38 33
39 34
40 35
41 38
42 61
43 36
44 37
45 39
46 40
47 42
48 43
49 44
50 45
51 59
52 47
53 48
54 49
55 51
56 54
57 55
58 56
59 57
60 58
61 60
NUMBER_OF_TECHNICIANS = 0
DAY = 2
NUMBER_OF_TRUCKS = 52
1 79
2 82
3 112
4 88
5 91
6 109
7 113
8 108
9 66
10 90
11 63
12 75
13 85
14 62
15 100
16 64
17 69
18 77
19 78
20 65
21 67
22 68
23 70
24 71
25 74
26 72
27 73
28 110
29 76
30 104
31 80
32 81
33 83
34 97
35 107
36 84
37 86
38 87
39 89
40 92
41 93
42 94
43 95
44 96
45 98
46 99
47 101
48 102
49 103
50 105
51 106
52 111
NUMBER_OF_TECHNICIANS = 22
1 4 19 12
11 20
13 21
23 29 46
18 41
10 18 25 26 31
17 32
6 8 53 22 33
15 28 34
5 1 6 15 35 38 61
3 9 13 23 16 50 36
20 40
16 43
2 2 3 45 59
21 7 44 47
8 37 48
7 11 24 30 52 49
12 42 51 54 55
49 56
4 5 17 10 27 57
9 14 39 58
14 60
DAY = 3
NUMBER_OF_TRUCKS = 51
1 159
2 140
3 160
4 164
5 124
6 114
7 163
8 131
9 144
10 116
11 153
12 141
13 132
14 161
15 146
16 150
17 156
18 122
19 137
20 145
21 121
22 125
23 123
24 148
25 126
26 129
27 115
28 117
29 118
30 119
31 120
32 127
33 128
34 130
35 157
36 133
37 134
38 155
39 135
40 136
41 142
42 138
43 139
44 143
45 147
46 149
47 151
48 152
49 154
50 158
51 162
NUMBER_OF_TECHNICIANS = 18
16 62 100
4 79 88 64 69 77 78
15 65 71
26 74 76
1 75 80 81
2 82 70 83 97
11 84
29 86
14 85 87
6 91 109 63 107 89 92
10 113 73 95
21 68 104 96
7 110 93 98
3 67 72 99
9 108 101
25 102
5 112 66 90 94 106
12 103 105 111
DAY = 4
NUMBER_OF_TRUCKS = 46
1 203
2 185
3 208
4 168
5 188
6 199
7 173
8 181
9 209
10 202
11 166
12 183
13 197
14 200
15 204
16 186
17 205
18 180
19 179
20 187
21 182
22 178
23 207
24 194
25 201
26 196
27 172
28 191
29 193
30 165
31 167
32 169
33 170
34 171
35 174
36 175
37 176
38 177
39 198
40 184
41 189
42 190
43 192
44 195
45 206
46 210
NUMBER_OF_TECHNICIANS = 21
2 140 124
4 159 131 144
21 116
9 153 141
7 163 132
6 122
10 161 150 148
3 164 121 115
15 133
23 155
5 160 114 118 135
8 146 136
25 138
13 139
16 119 127 143
12 125 129 130 157 142 147
22 134 149
11 126 151
14 123 128 154
26 156 137 145 117 158
1 120 152 162
DAY = 5
NUMBER_OF_TRUCKS = 60
1 253
2 262
3 211
4 258
5 229
6 255
7 231
8 221
9 264
10 223
11 266
12 243
13 217
14 215
15 248
16 263
17 226
18 251
19 232
20 246
21 252
22 230
23 259
24 267
25 238
26 270
27 240
28 245
29 220
30 249
31 261
32 256
33 228
34 218
35 250
36 225
37 239
38 216
39 268
40 244
41 235
42 233
43 241
44 214
45 242
46 247
47 257
48 212
49 213
50 219
51 222
52 224
53 227
54 234
55 236
56 237
57 254
58 260
59 265
60 269
NUMBER_OF_TECHNICIANS = 17
2 203 168
3 188 199
7 181 209
8 205 187
1 197 207
11 167
13 172 169
22 173 170 171
12 180 179 196 175
6 183 200 193 177
10 202 194 174 198
5 208 166 184
16 191 189
4 185 204 186 178 201 190
9 182 176 192
25 195 206
14 165 210
DAY = 6
NUMBER_OF_TRUCKS = 53
1 272
2 302
3 319
4 305
5 286
6 322
7 304
8 297
9 284
10 289
11 276
12 273
13 292
14 281
15 290
16 287
17 271
18 298
19 308
20 314
21 307
22 283
23 282
24 309
25 313
26 310
27 299
28 279
29 288
30 315
31 316
32 321
33 295
34 275
35 296
36 318
37 293
38 323
39 280
40 274
41 278
42 306
43 320
44 317
45 294
46 303
47 277
48 285
49 291
50 300
51 301
52 311
53 312
NUMBER_OF_TECHNICIANS = 22
4 229 255
15 238
26 270
2 262 243 240
18 221 264 249 261
3 217 232 267 228
1 246 259 250
22 225
12 215 239
5 253 230 244
13 235
10 266 252 218 214 242 247 257
8 212 213
21 216 219
9 223 248 220 222 224
14 227
16 268 236
29 234 237
11 245 241 254
24 260
7 263 226 256 233 265
6 211 258 231 251 269
DAY = 7
NUMBER_OF_TRUCKS = 53
1 343
2 338
3 367
4 357
5 359
6 351
7 362
8 356
9 327
10 329
11 340
12 354
13 348
14 353
15 349
16 346
17 331
18 350
19 363
20 364
21 376
22 325
23 372
24 334
25 360
26 355
27 373
28 374
29 328
30 333
31 341
32 335
33 352
34 366
35 375
36 332
37 368
38 371
39 337
40 326
41 358
42 330
43 339
44 345
45 324
46 347
47 361
48 336
49 342
50 344
51 365
52 369
53 370
NUMBER_OF_TECHNICIANS = 20
4 302 304 271
1 284 307
6 286 289 290 287 309
20 299
7 297 288
9 273 298 315 316
26 314 279 295
14 293 323
13 280
5 272 292 274
2 319 305 322 278
21 275 320
15 294
10 276 281 296 303
29 306 277
12 308 310 285
8 321 291
11 283 317 300
3 282 313 318 311
22 301 312
DAY = 8
NUMBER_OF_TRUCKS = 44
1 415
2 384
3 408
4 396
5 406
6 410
7 407
8 418
9 385
10 388
11 397
12 398
13 403
14 401
15 405
16 399
17 390
18 389
19 379
20 412
21 381
22 378
23 413
24 416
25 394
26 409
27 411
28 400
29 386
30 377
31 417
32 380
33 387
34 414
35 395
36 402
37 420
38 393
39 419
40 391
41 392
42 382
43 404
44 383
NUMBER_OF_TECHNICIANS = 21
1 357 356
6 329 348
18 349
4 359 362 346
5 343 340 331
9 338 325 355
2 367 351 327 354 373 374
3 353 328
25 352
11 360 366 375
12 332
14 335 368 371
13 337
10 364 376 341 326
26 347
21 372 324 361
15 333 345 342
17 344
22 339 336 365
16 358 330 369
7 350 363 334 370
DAY = 9
NUMBER_OF_TRUCKS = 30
1 424
2 433
3 425
4 443
5 442
6 434
7 436
8 439
9 423
10 432
11 427
12 445
13 429
14 448
15 446
16 438
17 450
18 421
19 426
20 444
21 430
22 449
23 441
24 428
25 437
26 431
27 422
28 447
29 435
30 440
NUMBER_OF_TECHNICIANS = 17
24 418
9 388 397 399
2 415 396 401 390
1 403 389
26 378
15 413
21 398 405 416
3 410 381 400
14 386
23 380 387
6 408 409 411 417 414 402
4 384 407 385 412 393
10 395 419
11 391
12 392 382
7 394 377 420 404
5 406 379 383
DAY = 10
NUMBER_OF_TRUCKS = 0
NUMBER_OF_TECHNICIANS = 12
22 442
10 436
21 446
1 438
6 424 433 423 427 450
2 434 432 421 426
14 441
5 443 429 448 430 428 437
3 445 431
4 425 439 444 422
9 447
7 449 435 440
