DATASET = ORTEC Early VeRoLog 2019 - easy
NAME = Instance24easy
TRUCK_DISTANCE = 158627
NUMBER_OF_TRUCK_DAYS = 367
NUMBER_OF_TRUCKS_USED = 20
TECHNICIAN_DISTANCE = 110429
NUMBER_OF_TECHNICIAN_DAYS = 179
NUMBER_OF_TECHNICIANS_USED = 14
IDLE_MACHINE_COSTS = 757665
TOTAL_COST = 21538445
DAY = 1
NUMBER_OF_TRUCKS = 3
1 2 11
2 3 5 19
3 10 21
NUMBER_OF_TECHNICIANS = 0
DAY = 2
NUMBER_OF_TRUCKS = 8
1 40 16
2 32 22
3 24 1 18
4 26 33
5 30 7 14
6 34 17
7 38
8 39
NUMBER_OF_TECHNICIANS = 5
1 2 2
7 11
58 10 10
4 1 16 19 3 5 19
22 21 21
DAY = 3
NUMBER_OF_TRUCKS = 12
1 69 4
2 45 59
3 46 43
4 49 57 23
5 50 29 42
6 53 36
7 56 60
8 58 35 63
9 61 62 25
10 67 72
11 68 13 37
12 71 20
NUMBER_OF_TECHNICIANS = 8
14 35 7 14
1 40 29 16 40
2 23 27 28 17
34 22
4 32 30 38 42 32 30
18 33 41 33
13 25 34 34
6 39 39
DAY = 4
NUMBER_OF_TRUCKS = 10
1 83 44
2 93 9 66
3 79 88
4 75
5 77 27
6 78 82 94
7 85 41
8 87 28
9 96
10 98 99
NUMBER_OF_TECHNICIANS = 14
22 69
31 13
26 61 20 1 18 38
4 69 47 49 57 58 23
30 29
39 46
44 42 50
9 54 63 49 57 58
12 60 60
33 61
2 44 45 59 66 67 67
35 68 53 68 26 26
34 4 25 62 71
14 53 56 72 72
DAY = 5
NUMBER_OF_TRUCKS = 13
1 103 95
2 108 47 48
3 118 100
4 105 84 70
5 120 74 97
6 101 12 54
7 106 80 31
8 107 109
9 111 89
10 114 90 15
11 116 117 8
12 119 64
13 121 86
NUMBER_OF_TECHNICIANS = 15
4 84 74 44 83
3 9
17 28 45 59 63
21 41
1 79 79
13 93 93 66
30 75 75
14 90 27 77
8 78 78
11 82 82
39 94 94
9 85 85
18 87 91 87
6 88 88
20 81 95 96 96
DAY = 6
NUMBER_OF_TRUCKS = 7
1 133 112
2 125 134
3 139 73
4 122 137
5 124 140 51
6 128 132
7 131 6 113
NUMBER_OF_TECHNICIANS = 19
6 8
9 105 15
14 100 113 90
13 103 101 48
43 47
22 54 98 99 98 99
23 80 43
2 112 108 106 89
35 115 86 74 120 97
20 118 107 103 95 100
47 101
17 106
39 107
44 64 109
33 12 31 111
16 114 70 105 114
26 111 116 116
12 120 117 117
10 121 121 36 37
DAY = 7
NUMBER_OF_TRUCKS = 10
1 144 92 146
2 142 52
3 160 55
4 164 115
5 145 127
6 147 136
7 156 135 102
8 157 76 65 126
9 162 129
10 165
NUMBER_OF_TECHNICIANS = 9
55 6
1 133 125 122 133 125
6 139 139
4 129 137 112 137
17 124 113 124
20 140 130 140
9 126 128 128
21 132
26 134 134
DAY = 8
NUMBER_OF_TRUCKS = 10
1 171 172
2 170 174
3 178
4 173
5 180 154
6 181 91 153
7 185 166
8 187
9 188
10 190 161
NUMBER_OF_TECHNICIANS = 13
8 142 51 73
7 142 160 160
1 144 144 92
16 166 65 76 126 24 24
11 127 108
12 145 153 145 132 122
3 150 135
26 129 102 136
5 146 146 119 119
25 147
9 159 147 157 157
22 143 156 162 162
4 154 158 151 165 165
DAY = 9
NUMBER_OF_TRUCKS = 11
1 205 151
2 207 159
3 208 104
4 199 123 150
5 204 189
6 193 167
7 194 196 152 176
8 197 195 110
9 198 186 169
10 209 143 130
11 211 81
NUMBER_OF_TECHNICIANS = 8
18 176 184 154 91
2 186 153
14 170 173 174 183 170
13 171 178 171 178
22 181 173 181
16 192 185 166 180 174 185
1 179 172 187 187
12 188 188
DAY = 10
NUMBER_OF_TRUCKS = 8
1 235 168
2 229 221
3 226 149 138
4 213 214
5 225 210 141
6 230 148
7 233 158
8 234 175
NUMBER_OF_TECHNICIANS = 21
11 186
53 195 35
26 202 205
2 212 200 204 209 150
35 152 152 115
7 208 104 208
34 167
8 193 123
12 199 199
47 130
22 143
5 151
44 169
18 194 110 176
13 81 189 204
48 194 84
14 195 196 210 196
25 197 197
16 198 198
17 209
32 211 211 156
DAY = 11
NUMBER_OF_TRUCKS = 8
1 240 231 182
2 236 217 191
3 244 200
4 248 177
5 243 155
6 250 184
7 247 218 183
8 239 220
NUMBER_OF_TECHNICIANS = 14
5 235
10 229 229 164 164
60 138
18 216 158 149
35 226 221 226
39 168 148 55
23 175 193
7 227 213
30 214 52
47 221
98 225
16 223 230 230
14 225 233 233
2 231 222 217 224 234 234
DAY = 12
NUMBER_OF_TRUCKS = 13
1 276 203
2 259 270 192
3 278 163 253
4 262 237 201
5 277 257 202
6 267 238 223
7 263 224
8 273 206
9 266 249
10 268 252 222
11 260 216
12 272 254 258 179
13 274 219
NUMBER_OF_TECHNICIANS = 13
3 240 200 159
17 252 231 244
4 236 242 248 241 248
6 155
1 246 251 243 243
13 254 177
26 253 236 184
9 238 182 250
11 217
22 191 218
8 247 247
20 249 220 190 161 190
2 240 245 244 250 239 239
DAY = 13
NUMBER_OF_TRUCKS = 8
1 289 275
2 285 246 242
3 295 215
4 287 264 241
5 288 261 269
6 294 227
7 279 256 232
8 281
NUMBER_OF_TECHNICIANS = 18
3 276 276
7 277 277
16 259 270 259 270 262 222
13 262 263 192 263
33 201 201 207
47 202
5 273 273
26 258 272 206 216
9 264 238
14 256 203 224
20 266 260 163 249 266
60 252
35 268 268
43 253
55 257
34 254 258
48 272
1 275 265 274 179 219 274
DAY = 14
NUMBER_OF_TRUCKS = 9
1 320 282
2 313 228 291 271
3 297 245 212
4 308 251
5 301 302
6 321 255
7 298 265
8 296 300
9 315 284
NUMBER_OF_TECHNICIANS = 10
5 275
35 264
22 242
1 289 287 287
2 280 288 294 289 246 288 294
20 293 295 256
18 286 290 241
30 285 261 269
17 279 284 232 279 223
7 281 281
DAY = 15
NUMBER_OF_TRUCKS = 7
1 324 306
2 337 280
3 339 318
4 330 325
5 338 317
6 335 305 283
7 331 327 310
NUMBER_OF_TECHNICIANS = 10
26 303 320
12 298 265
8 304 306 251
13 311 282
16 297 316 302 271 297 302
34 255
9 305 212 245 301 284
28 291
4 320 314 318 301 317 300 300
20 315 315
DAY = 16
NUMBER_OF_TRUCKS = 11
1 351 332 343 290
2 345 360
3 361 286 322 319
4 349 323
5 348 304 328
6 353 316 307
7 346 342
8 357 312 354
9 358 303 293
10 356 333
11 347 340
NUMBER_OF_TECHNICIANS = 10
18 323 334 283
4 332 330 324
12 280
9 335 337
30 330 298
26 317
23 331 227
8 328 306
1 324 339 325 325
16 331 327 327
DAY = 17
NUMBER_OF_TRUCKS = 5
1 367 311 292
2 365 371
3 377 329
4 369 372
5 366 334 314
NUMBER_OF_TECHNICIANS = 15
18 351 361 355 351
44 361 278 267
11 348 348 308
9 358 319
26 359 332 323 286
16 354 322 353
12 346 346
14 353 357 357
39 354 260
35 363 342 293
22 358 318 305 335 310
21 312 312 228
13 349 349 316 307 333
1 345 360 345 360 340
6 347 347 338 338
DAY = 18
NUMBER_OF_TRUCKS = 7
1 388 383
2 378 341 362
3 397 370
4 394 350 336
5 392 363
6 402 373
7 387 389
NUMBER_OF_TECHNICIANS = 7
34 311
2 365 365
8 368 377 377
4 364 369 369 292
26 366 314 334 366
35 371 374 371
1 367 372 367 372
DAY = 19
NUMBER_OF_TRUCKS = 13
1 434 432 391
2 414 381 385 309
3 412 420 418 299
4 413 399
5 430 375
6 423 368
7 435
8 424 374
9 415 396 355
10 419 398
11 409
12 422 390
13 426 359
NUMBER_OF_TECHNICIANS = 11
47 362
5 388 296 296
1 384 383 404 383
18 403 378 378
60 397 397
75 336
35 393 341 350
45 394 394
12 392 363 392
20 402 387 373 402 387
13 395 400 389 389
DAY = 20
NUMBER_OF_TRUCKS = 14
1 450 449
2 451 410 352
3 448 431 326 428
4 456 380
5 452 457 425
6 441 404
7 459 427
8 460 405 429
9 436 406 421
10 443
11 444 386
12 445 344
13 453 393 401
14 462 433
NUMBER_OF_TECHNICIANS = 20
26 416 426 434
7 429 421 375 356 356
21 390
34 414
16 412 411 368
8 432 432
14 425 410 413 417 399
20 423 409 413
13 418 430 430
40 423 118
18 424 431 424
39 309
4 434 414 428 355
66 374
9 415 422 381 396 415
17 418 398 376 329 343
22 420 427 419 420 299 419
47 409
55 422 321
33 391 359 426 290 303 215
DAY = 21
NUMBER_OF_TRUCKS = 13
1 467 458 440
2 490 364 403
3 465 408 491 411
4 481 454
5 470
6 472 376
7 466 400
8 489 447
9 471 455
10 468 384
11 484 417 461
12 482 382 395
13 486 442
NUMBER_OF_TECHNICIANS = 22
1 450 447 450
20 451 410 451
52 393
31 456 141
6 449 449 435 435
16 457 438 425 457
10 404
4 456 441 444 428 441
47 459
8 439 401
14 462 448 326
51 431
23 429 344 412
5 386
12 460 460
30 421 304 328
37 433 172 56
34 436 436
13 458 455 443 443
18 452 437 452 444
55 453 453
35 459 440 462
DAY = 22
NUMBER_OF_TRUCKS = 5
1 500 485
2 497
3 498 473
4 492 477
5 494 437 407
NUMBER_OF_TECHNICIANS = 18
35 487 458
11 467 405
98 364
10 490 490
18 477 403
16 481 471 475 480 482 382 481
2 467 464 470 470
3 472 488 472
33 466
9 485 408 454
13 465 491 489 489
21 455 471
5 384 468
20 395 465 491 400 411
26 483 466 484 484
15 461
28 482 385
8 486 486
DAY = 23
NUMBER_OF_TRUCKS = 7
1 505 502 463
2 518 480
3 506 475
4 508 469
5 527 501 439
6 514 531 379
7 521 510 495
NUMBER_OF_TECHNICIANS = 8
11 500
26 477
22 485 427 406
4 495 497 497
16 501 492 492
33 437
14 494 407 494 322 339
5 498 498 473
DAY = 24
NUMBER_OF_TRUCKS = 8
1 549 416 520 488
2 546 512 517
3 532 526
4 534 479 487 533
5 537 509 438
6 544 504 474
7 535
8 548 446 483
NUMBER_OF_TECHNICIANS = 13
21 530 502
60 505
32 518
4 516 518 506 508 508
3 527 520 527
23 439 447 417
13 526 509 501
11 514
31 379
58 531 531
70 463
17 475 480 352
14 505 528 522 521 521
DAY = 25
NUMBER_OF_TRUCKS = 10
1 577 554 516 556
2 576 569 478 499
3 564
4 563 524
5 568 503
6 566 541
7 570 511
8 578 552 536
9 557 464 543
10 561 522 476
NUMBER_OF_TECHNICIANS = 13
13 541 556 542 546 512
10 533 533
44 483
9 532 532
2 549 543 551 509
8 553 537 537
77 479 370
21 544 544
14 534 504 474
98 487
3 545 549 488 520
35 535 547 535 510 510 495 469
48 548 446 548
DAY = 26
NUMBER_OF_TRUCKS = 11
1 597 583 565 528
2 599 523 539 515
3 604 513 579
4 603 530 550
5 593 584
6 592 519
7 582 540
8 596 525
9 600 571
10 591 567 551
11 590 562 575
NUMBER_OF_TECHNICIANS = 15
1 577 576 572 577 554
12 576
26 570 552 511
34 559 516 541 563
22 568
16 579 503 499
4 564 563 568 566 566
6 556 440
8 569 578 569
20 536 578 536 526
5 543 524
48 476
60 560 522
30 557 557
18 573 565 561 561
DAY = 27
NUMBER_OF_TRUCKS = 10
1 618 587
2 628 615
3 623 493 588 619
4 613
5 606 573 594
6 622 496
7 605 559 585
8 611 602 601 542
9 616 507 589 555
10 621 581 572
NUMBER_OF_TECHNICIANS = 12
14 597 596 594 597
11 599 464
9 583 583
33 513 570 416
44 603
26 592 523 592
63 528 380 313 131 131
16 601 571 551
35 596 525 550 478
2 599 604 600 600 539
13 585 587 540 582 519
21 565 530
DAY = 28
NUMBER_OF_TRUCKS = 11
1 641 607
2 645 612
3 632 580
4 631 617 620
5 637 558 545
6 635 598
7 642 610 644
8 643 634 529 627
9 636 538
10 648 595 626
11 630 560 624
NUMBER_OF_TECHNICIANS = 16
15 587
2 610 608 616 589 507
4 624 628 628 555
9 613 493 613
1 618 622 496
18 623 617 623 588
16 618 581 572 622
48 615 615
13 609 605 611 585 605
14 606 606 594
47 601
39 542 442
30 602
34 614 559 611
7 620 619 627 619
44 621 621
DAY = 29
NUMBER_OF_TRUCKS = 8
1 664 647
2 658 614 608
3 661 547
4 649 662
5 666 656 651 609
6 667 638 553
7 657 650
8 659 574
NUMBER_OF_TECHNICIANS = 16
33 641 641
35 645
48 624
34 632
22 607
26 646 612
3 545 558 584 567 584
16 635 610 635
20 643 643 593 591 579 593 591
32 529
18 637 634 639 637 634
60 630 560
8 636 636 580 580 515
2 644 648 538 595 648 620
4 632 638 633 631 631 617 627
98 630
DAY = 30
NUMBER_OF_TRUCKS = 6
1 670 683
2 687 676 673
3 686 625
4 675 663
5 679 629
6 680 655
NUMBER_OF_TECHNICIANS = 14
33 651
10 658
9 652 661 642 644 642 598
5 649
6 662 662
43 638
2 664 658 649 666 666
8 667 667
13 665 656 609 656
7 647 664 608
34 657 614 657
27 659 574 659 562 445 445
56 547
4 651 661 650 650
DAY = 31
NUMBER_OF_TRUCKS = 11
1 702 674 682
2 703 668 678
3 700 669
4 705 665 671
5 701
6 706 685 710
7 709
8 711
9 693 677 586
10 697 646 708
11 691 653 633
NUMBER_OF_TECHNICIANS = 8
6 686 686
52 663
16 675 688 675
4 679 672 673 679
39 670 683
8 687 676 687 676
15 629 629 626
12 625
DAY = 32
NUMBER_OF_TRUCKS = 6
1 715 692
2 714 672 652
3 728 689
4 721 716 699
5 733
6 729 640 688 639
NUMBER_OF_TECHNICIANS = 17
34 665
11 702 616
14 703 706 710 703 669
30 701
12 709 709
9 694 633
5 677 586
6 711 711
1 701 707 695 693 693
74 668 573
17 671 604 575 438
33 705 646
2 702 692 689 697 697
7 708 708
20 704 653 653 553
18 698 705 691 691
35 700 700 706 682
DAY = 33
NUMBER_OF_TRUCKS = 13
1 756 719
2 739 755
3 751 654 731
4 749 681 726
5 760 694 696
6 746 707
7 752 695 724
8 748 713
9 743 727
10 737
11 753 660 684
12 758
13 750
NUMBER_OF_TECHNICIANS = 10
11 692 715
26 721 721
59 716 716
52 699
60 688
13 727 732 652
25 733 733 564 506 183
27 640 237
18 714 712 714 639
23 729 729 680 655 680 590 590
DAY = 34
NUMBER_OF_TRUCKS = 12
1 781 764
2 772 774 788
3 780 784 730
4 765 791 742 763
5 776 757 761
6 786 747 723
7 768 759 717 725
8 783 740 718
9 787 771 775 736
10 766 754 734
11 792 741
12 777 704 744
NUMBER_OF_TECHNICIANS = 18
54 719
60 756
35 756 739 739
14 759 735 755
61 731
23 749
17 760 694
44 696
5 752 695 752
10 707 726 674
1 749 746 757 748 736 748
9 743 737 743
20 753 742 727
39 713
40 753
3 684 660 728 689 728
12 746 681
22 750 750 672
DAY = 35
NUMBER_OF_TRUCKS = 5
1 802 808
2 805 790
3 795 722 698
4 796 738 770 712
5 799
NUMBER_OF_TECHNICIANS = 22
9 785 777 764
18 772 786 769 772
13 765 763 788 763
17 781 744
5 757
34 771 776
26 790 786
14 768 784 792 759 768
3 774 774
31 717 654 751
56 725
28 730
63 784 678
7 778 718 740 740 724
2 781 783 783
23 734
8 791 791
44 754 766
10 761 761
47 704 777
16 773 766 765 788 742
30 789 736 775
DAY = 36
NUMBER_OF_TRUCKS = 8
1 827 807
2 833 809 690
3 834 794 735
4 831
5 828 824
6 814 762 778
7 821 793
8 830 782 745
NUMBER_OF_TECHNICIANS = 6
23 802 808
16 795 722 795 685 710
26 804 698 738
8 796 796
33 790 712 770
39 799 799 747
DAY = 37
NUMBER_OF_TRUCKS = 7
1 838 817 806 820
2 841 804
3 853 800 732
4 845 854
5 847 810
6 852 720 779
7 850 812 825
NUMBER_OF_TECHNICIANS = 14
11 819 827 787 723
17 809
33 833 833
9 829 831 814 794
25 831 737
18 822 816 762
20 818 828 735
39 793 821
8 834 834 807
44 745
2 827 835 813 782
16 812 778
13 815 821 824 824
27 690
DAY = 38
NUMBER_OF_TRUCKS = 9
1 867 855 773 769
2 859 816 842
3 861 798 857 826 789
4 863 868 813
5 870 823
6 874 818
7 873 843 803
8 871 846
9 858 869 797
NUMBER_OF_TECHNICIANS = 10
55 779
4 842 853 851 804 853
16 845 854 845 854
8 847 847
14 841 806 817 820
56 720
17 852 852
22 825
13 837 838 810 732 800
23 850 812 850
DAY = 39
NUMBER_OF_TRUCKS = 20
1 878 844
2 890 851
3 882 811 883
4 879 815
5 893 892 848
6 875 856 860
7 894 829 832
8 896 819 767
9 891 835
10 897 840 864
11 887 885 836
12 884 822 899
13 898 837
14 881 839
15 900 880
16 886 866 849
17 876 801 888
18 877 862 785
19 895 872
20 889 865
NUMBER_OF_TECHNICIANS = 18
14 861 803
6 867 867 758 758
7 823 823 830 830 517
48 798
35 861 780 780 741 792
47 855
13 855 868 773
26 870 769
33 842 859 870
212 843 534 210
9 874 863 874
10 873 873
34 816 793 805
16 865 864 813 868 818
4 859 863 856 871 846 871
18 858 869 797 858
21 869
30 826 789
DAY = 40
NUMBER_OF_TRUCKS = 0
NUMBER_OF_TECHNICIANS = 30
44 882
8 894 879
6 844
22 860
13 890 886 837
34 878 896
5 881 839
2 893 875 884 898 893 848 856
17 876 835 865
32 891 814
12 877 832 887
33 892 822
24 884 376
9 891 829 851 897 785
20 890 815 840 862 840 841
7 900 881 900
47 883
4 878 882 897 880 880
35 886 801
60 876
23 888 888
3 898 866 849
21 877
19 895 872 895
1 879 887 899 899
37 767
11 875 819 857 857
26 896 889 889
14 811 894 864 836
18 892 883 885 885
