DATASET = ORTEC Early VeRoLog 2019 - easy
NAME = Instance2easy
TRUCK_DISTANCE = 108849
NUMBER_OF_TRUCK_DAYS = 157
NUMBER_OF_TRUCKS_USED = 15
TECHNICIAN_DISTANCE = 73749
NUMBER_OF_TECHNICIAN_DAYS = 163
NUMBER_OF_TECHNICIANS_USED = 25
IDLE_MACHINE_COSTS = 0
TOTAL_COST = 10894065900
DAY = 1
NUMBER_OF_TRUCKS = 13
1 1 284
2 3 84 105
3 4 227 139 82
4 6 23 290
5 7 38
6 8 35 55
7 9 58
8 10 52
9 11 47
10 12 229
11 13 29 138 171
12 14 96 211
13 15 60 219
NUMBER_OF_TECHNICIANS = 0
DAY = 2
NUMBER_OF_TRUCKS = 15
1 24
2 31 250
3 16 19
4 17 95
5 18 53 100
6 20 61
7 21 79 102 253
8 22 124 299
9 25 117
10 26
11 28 133
12 27 44 239
13 30 118 297
14 32 72 278 41
15 33 121 274
NUMBER_OF_TECHNICIANS = 9
2 2 3
9 4 5
4 7
1 1 10
13 11
7 8 12
3 9 13
16 14
6 6 15
DAY = 3
NUMBER_OF_TRUCKS = 12
1 36 75 142
2 37 5 34
3 39 200
4 40 296 206
5 42 276
6 43 54 152
7 45
8 46 131 205
9 48 143 155 185
10 49
11 50 120 110 257
12 51 194
NUMBER_OF_TECHNICIANS = 11
1 24
3 29
8 19
30 17
4 18
17 21
2 23 31 16 25
9 20 26 28
6 22 27
13 30
16 32 33
DAY = 4
NUMBER_OF_TRUCKS = 6
1 59
2 56 146
3 57 69 148
4 62
5 63 216 218 264
6 64 168
NUMBER_OF_TECHNICIANS = 9
3 44 36
13 53 39
1 38 52 41 42
16 43
6 35 34 37 46
17 48
9 40 49
31 50
8 47 45 51
DAY = 5
NUMBER_OF_TRUCKS = 12
1 80 144
2 71 289
3 77
4 65 101 242
5 66 285
6 67 204 215
7 68
8 70 178
9 73 112
10 74 183 231
11 76
12 78
NUMBER_OF_TECHNICIANS = 6
6 55
2 58 61 54 59
11 57
8 62
3 63
13 60 56 64
DAY = 6
NUMBER_OF_TRUCKS = 12
1 99 241 244
2 87 176
3 94
4 81
5 92
6 91
7 83 88
8 85 89 248
9 86
10 90 223
11 97
12 98 114 292
NUMBER_OF_TECHNICIANS = 10
34 79
8 77
1 71 72
11 69
7 66
2 80 65 67 68
16 70 73
6 74
30 75
9 76 78
DAY = 7
NUMBER_OF_TRUCKS = 9
1 103
2 107 109 149
3 104
4 116
5 115 283
6 106 173
7 108
8 111 280
9 113 217 269
NUMBER_OF_TECHNICIANS = 10
2 84 99 95
1 87 94 92
3 100 82
9 81 91
17 85
38 89
16 83 88 86
23 90
4 97
7 93 96 98
DAY = 8
NUMBER_OF_TRUCKS = 7
1 123
2 125 184
3 122 135 262
4 126
5 127
6 119 130 265 243
7 128 282
NUMBER_OF_TECHNICIANS = 7
34 102
1 109 101 112
2 107 117 116
7 103 114 108
3 105 110
13 115 111
9 104 106 113
DAY = 9
NUMBER_OF_TRUCKS = 7
1 137
2 132
3 136
4 129
5 134
6 140 291
7 141 167 298
NUMBER_OF_TECHNICIANS = 7
9 118
16 120
3 125
4 121 126
8 123 127
13 122 119
6 124 128
DAY = 10
NUMBER_OF_TRUCKS = 4
1 147
2 150
3 145 300
4 151
NUMBER_OF_TECHNICIANS = 7
9 132
13 135
7 131
8 134
6 139
2 138 133 130 140
1 137 136 129 141
DAY = 11
NUMBER_OF_TRUCKS = 15
1 154 238
2 169 266
3 172
4 153 161 197 267
5 156
6 163
7 165
8 166
9 157
10 160
11 170 256
12 158 177 252 193
13 159 208
14 162 189
15 164 247 249 288
NUMBER_OF_TECHNICIANS = 8
1 147
3 143
11 148
2 149 146 150
30 142
4 144
16 145
8 151
DAY = 12
NUMBER_OF_TRUCKS = 7
1 179 270
2 174
3 175
4 182
5 181
6 180 234
7 186
NUMBER_OF_TECHNICIANS = 11
1 168 172
2 171 154 169 155
3 152 153 161
40 156
18 163
7 157 160
16 166 167 170
5 158
12 159
4 165 162
6 164
DAY = 13
NUMBER_OF_TRUCKS = 13
1 192
2 187
3 202
4 201
5 196 251
6 203 209
7 198
8 207 279
9 191 268 224 295
10 190
11 188 255
12 195 273
13 199
NUMBER_OF_TECHNICIANS = 9
2 179 185 184
6 178
16 182
30 183
9 174 181
7 175 173
36 177
4 180
8 176 186
DAY = 14
NUMBER_OF_TRUCKS = 5
1 220
2 213 258
3 212
4 210 237
5 214
NUMBER_OF_TECHNICIANS = 12
1 192
7 204
3 194 206 203
9 187 201 200 196 198
4 207
30 208
10 189
8 202 190
13 191 188
23 195
16 205 193 197
28 199
DAY = 15
NUMBER_OF_TRUCKS = 9
1 221 287
2 228
3 230
4 233 246
5 232 2 281
6 235
7 222 263
8 225
9 226
NUMBER_OF_TECHNICIANS = 6
7 220
34 218
3 212 209 210
8 214
6 216 211
9 213 219 215 217
DAY = 16
NUMBER_OF_TRUCKS = 3
1 245
2 240 93 294
3 236
NUMBER_OF_TECHNICIANS = 9
1 221 228
4 229
6 233 232
40 235
3 231
9 223 222
18 225
13 234
2 227 224 230 226
DAY = 17
NUMBER_OF_TRUCKS = 3
1 254 259
2 261
3 260
NUMBER_OF_TECHNICIANS = 8
8 253
1 245
2 250 239 237
6 243 242 240
16 252 247 249
3 241 244 248 238
13 251 246
23 236
DAY = 18
NUMBER_OF_TRUCKS = 4
1 277
2 272 286
3 275
4 271
NUMBER_OF_TECHNICIANS = 7
8 261
7 263
2 266 254 259 264 257
1 270 256
9 262 268 258 260
3 267
13 265 255 269
DAY = 19
NUMBER_OF_TRUCKS = 1
1 293
NUMBER_OF_TECHNICIANS = 9
1 284 272
8 275
7 285
6 278
2 277 286 273
9 282 287 283
4 279
16 276 271 274 280
36 281
DAY = 20
NUMBER_OF_TRUCKS = 0
NUMBER_OF_TECHNICIANS = 8
6 295 296 292
2 290 299 291
1 298 293
13 300
9 288
4 289
7 294
15 297
